4346241027 10689535024
4346241027 9681403627
4346241027 6216188320
4346241029 10689535026
4346241029 9288254419
4346241029 9681403637
4346241031 9681399288
4346241031 9681399290
4346241031 9681399292
6216187912 6216187914
6216187914 6216187917
6216187916 6216187917
6216187917 6216187919
6216187919 6216187920
6216187919 6216187923
6216187921 6216187923
6216187923 6216187925
7307284 10760202653
6216187925 6216187928
6216187925 6216187926
6216187928 6216187929
6216187928 6216187931
6216187931 6216187932
6216187931 6216187934
6216187934 6216187937
6216187934 6216187935
6216187937 6216187938
6216187937 6216187940
6216187940 6238672914
6216187940 6216187941
6216187942 6216187943
6216187943 6216187945
6216187944 6216187945
6216187945 9817211647
6216187946 6216187947
6216187947 6216187949
6216187947 9817211647
6216187948 6216187949
6216187949 6216187951
6216187950 6216187951
6216187951 6216187953
6216187952 6216187953
6216187954 6216187955
6216187955 6216187957
6216187956 6216187957
6216187959 6216187960
6216187969 6216187978
6216187970 6216187971
6216187970 6216187972
6216187972 6709985173
6216187972 6216187974
6216187974 6238672928
6216187974 6710047811
6216187976 6238672928
6216187976 6216187977
6216187976 6216187978
6216187978 6216187979
6216187980 6216188303
7307381 6216187969
7307395 857494662
7307416 10762125887
1400004816 4888058228
1400004816 7658970823
1124761827 10315094544
7122927876 7122927880
7122927876 8119356693
7332733192 7332733194
7332733194 7332733197
7332733195 7332733197
7332733197 7332733200
7332733198 7332733200
7332733200 7332733203
7332733201 7332733203
7332733203 7332733207
7332733204 7332733206
7332733206 7332733207
7332733207 7332733210
7332733210 7332733230
7332733216 7332733232
7332733216 7332733230
7332733229 7332733232
7332733229 7332733283
7332733230 7332741089
7332733232 7332733243
7332733240 7483806106
7332733240 7332733243
7332733240 7332741085
7332733242 7332733243
7332733242 7332733245
7332733254 7332733263
7332733255 7332733257
7332733257 7332733260
7332733258 7332733260
7332733260 7332733263
7332733261 7332733263
7332733264 7483806108
7332733264 7332733277
7332733277 7332733283
7332733277 8238486486
7332733283 7483806106
6216188296 9681403649
6216188296 6216188297
6216188297 6216188298
6216188297 6216188299
6216188299 6216188315
6216188299 6216188300
6216188301 6216188315
6216188301 6216188302
1278345614 1384156692
1278345614 1571592917
6216188302 6216188303
1278345616 1278345627
1278345616 1278345645
1278345616 1299095023
6216188303 6216188304
6216188305 6216188309
6216188309 6216188314
6216188309 6216188315
6216188314 6709985170
1278345630 2205488497
1278345630 2205488477
1278345630 4346241022
6216188320 6709985170
6216188320 10689535023
1278345633 1384156692
1278345633 1278345645
1278345633 1384156694
6216188324 6216188332
1278345639 2205488497
1278345639 1384156694
6216188332 6216188333
6216188332 9681403671
1278345645 1384156692
6216188333 6216188337
6216188337 9681403672
6216188348 6216188363
6216188348 6216188359
1263518141 7122927882
1263518141 2863385862
6216188359 6216188360
6216188360 6216188362
6216188363 6238552587
25436648 1511379300
25436648 25436649
25436648 6680321898
25436648 25436652
25436649 25436650
25436649 25610740
25436650 3412440608
25436650 10758508977
25436650 25610739
25436651 1400004816
25436651 10758508977
25436651 25450816
25436651 3412440613
25436652 3412440608
25436652 6680321896
25436652 25436653
25436653 6680321900
25436653 3412440613
25436653 6680321902
856637952 856641036
6238552588 6238552589
856637977 856638008
856637977 856637983
427827739 427827747
427827739 1298231115
856637981 856646181
427827747 1298230936
427827747 427827929
10762125860 10762125862
856646181 856646203
10762125864 10762125865
10762125865 10762125866
10762125865 10762125875
856638008 856638022
856646203 3411053472
856646203 10315094578
856638014 856646181
427827806 7332733245
427827806 427827926
6190449281 6238741961
6190449281 6190450193
6190449283 6190450193
6190449283 6190450187
6190449283 6190450196
6238552720 9681403617
6238552720 6238552721
9894937233 9894937241
9894937233 10251007494
9894937235 9894937241
6238552726 6238552729
6238552729 9681399306
6238552737 9681399306
8650891952 9440396082
8650891952 9724476148
181666514 414224017
181666514 414224018
181666514 7483806099
427827926 427827998
427827926 427827927
427827927 1298231161
427827927 6651885193
427827927 1298230975
356041432 6680321907
427827929 427827930
427827929 427827940
427827940 427827965
427827940 427827941
356041445 10758508978
427827941 6651867584
427827941 427827965
356041448 9724476154
6751978233 6751978238
9817211644 9817211645
427827965 6651867580
427827965 6651867579
9817211645 9817211647
901522187 7076217846
857129743 7332733245
7175430927 7175430928
1576210156 1576210161
427827998 427828000
427827998 1298231161
9440396082 9440396086
6238741328 6238741329
6238741329 8741492416
6238741330 6238741331
6238741331 6238741332
6238741331 6238741333
6238741333 6238741334
6238741333 6238741335
6238741335 6238741336
6238741335 6238741349
6238741337 6238741338
6238741339 6238741340
6238741340 6238741344
7858512725 7858512726
7858512735 7858512744
6238741344 6238741345
6238741344 6238741346
6238741345 6238741347
6238741347 6238741348
6238741349 6238741350
6238741352 6238741353
6238741355 6238741360
6238741356 6238741357
6238741356 6238741358
6238741358 6238741360
6238741358 6238741359
6238741360 6238741361
6238741362 6238741954
6238741362 6238741364
6238741363 7076227137
6238741363 7076227139
6238741363 6238741364
6238741364 6238741366
6238741367 6238741371
6238741368 6238741371
6238741368 7076227132
6238741368 6238741373
6238741369 6238741371
3775374203 3775374225
6238741371 6238741373
8432436091 8432436120
8432436091 8432436119
6238741377 6238741380
6238741380 7076227132
6238741381 6238741382
6238741382 6238741888
6238741382 6238741384
6238741383 6238741384
6238741384 6238741886
366085004 2036063841
366085004 2036063835
366085004 2036063839
366085007 2036063841
366085007 2036063835
366085007 1571592747
366085007 2036032961
3775374225 9548334034
9513485202 9513485208
9444828054 10123279150
9444828054 9444828055
9513485208 9894937241
9513485209 9894937233
8431584179 8431584187
1404502983 6219644658
1404502983 1404503052
9548334027 9548334028
9548334027 9548334030
9548334028 9548334032
9548334028 9548334030
9548334034 9548334035
9548334034 9548334038
9288254419 9681399288
9288254419 9681399289
9548334039 9548334041
9288254428 9288254443
9288254428 9681399310
9288254430 9681403617
9288254430 9288254435
9288254430 9288254437
9288254436 9288254437
9288254437 9288254439
9288254438 9288254439
9288254439 9288254441
9288254440 9288254441
9288254441 9288254443
9288254442 9288254443
9288254444 9288254446
9288254446 9288254449
9288254447 9288254449
7076217846 7876444016
7076217846 7876444018
6680306683 10753473229
1124860977 2036032993
1124860977 2036033001
1124860977 2036032991
3753452644 3777247914
3753452644 3753452650
3753452650 3753452651
6991701122 6991701123
6991701124 6991701125
8743716029 10251007494
386852107 1374570675
386852111 6219644599
386852111 6190450306
386852111 8431584154
6188754285 6188754320
6188754285 7846793289
6188754318 6238672916
2036032911 2036032912
6188754319 7076227137
6188754319 6190450218
6188754319 6238672917
6188754320 6238672917
6188754320 6335225719
6188754323 6188754325
6188754325 7858512725
6188754326 6188754327
6188754327 6335225740
6188754327 6238672916
6188754328 6335225740
6188754328 6238672910
6188754330 7077983647
2036032945 2036032991
2036032945 6335225739
2036032945 2036032951
2036032947 2036032949
2036032949 2036032987
2036032949 2036032957
2036032949 2036032975
2036032951 2036032961
2036032951 2036032957
2036032957 2036032965
6238741950 6238741952
6238741950 6238741951
6238741952 6238741953
6238741952 6238741954
2036032961 2036032963
2036032963 2036032979
2036032963 2036032965
6238741954 6238741955
2036032965 2036032975
6238741959 8051935563
6238741959 6238741965
6238741961 6238741964
6238741958 6238741959
6238741960 6238741961
6238741960 8051935571
6238741960 6238741965
2036032975 2036032987
2036032979 2036032993
2036032979 10649078124
2036032987 2036032993
2036032987 2036032991
2036032993 10313823071
2036032994 7122950800
2036032994 2036032997
2036032994 10123279119
2036032997 10123279130
2036032997 9444828055
3227796981 3307773770
6190450187 6190450192
6190450187 6991701122
6190450188 6190450192
2036033037 2036033043
2036033037 10123279150
6211036686 6211036687
2036033040 2036033058
2036033040 9444828054
2036033040 9444828055
6190450192 6190450193
6190450194 6190450196
6190450197 6238672920
6190450197 6238741377
6190450197 6238741380
2036033043 2036033052
2036033043 2036033045
2036033045 2036033061
2036033045 10762125887
25314840 6208114984
2036033050 10762125887
2036033050 6190450351
2036033052 2036033100
2036033052 2036033061
2036033057 2036033063
2036033058 2036033113
2036033058 2036033063
5017093667 6594977577
5017093667 5017093669
2036033061 2036033067
2036033063 2036033187
6190450218 6219644812
6190450218 6238741373
2036033067 2036033073
2036033067 2036033148
6190450219 6190450224
6190450224 6238741362
6190450224 6238741355
2036033073 6190450357
2036033073 2036033150
2036033083 6190450351
2036033083 6190450357
2036033083 2036033111
6190450235 6190450242
6190450235 6190450243
6190450235 6190450253
6190450242 6238741337
6190450242 6238741349
6190450243 6238741337
6190450243 6238741340
2036033098 2036033100
2036033100 10762125860
6190450253 6190450276
6190450253 6190450287
25314898 386852107
355886676 1974467489
355886676 1278345627
355886676 1299095023
2036033111 2036033158
2036033113 6216187970
2036033117 10762125860
6190450274 6190450296
6190450274 6190450306
6190450274 6219644588
6190450274 8431584317
6190450276 6219631656
6190450276 6190450325
6190450276 6190450326
6190450277 6190450278
6190450278 6190450282
6190450278 6238741956
6190450279 6190450280
2036033128 2036033148
6190450280 6190450282
6190450280 6190450284
6190450281 6190450282
6190450283 6190450284
6190450284 6190450295
6190450286 6190450287
6190450287 6190450289
25314928 7795307056
25314928 6680321904
6190450288 6190450289
6190450289 6190450291
6190450290 6190450291
6190450291 6190450293
6190450292 6190450293
6190450293 6190450295
6190450294 6190450295
6190450296 6238741956
6190450296 8431584317
2036033148 2036033208
2036033148 2036033150
2036033150 2036033178
1134896769 8916583636
6190450306 6190450312
2036033155 2036033178
2036033155 6190450358
2036033158 2036033168
2036033158 6190450358
6190450312 6219644793
6190450312 6651867516
25314954 1571593344
25314954 6238552737
25314954 9681399306
25314954 1571593319
25314956 6238552729
25314956 25610991
25314956 1571593319
249431692 10315094544
249431692 8528961083
249431692 1459343820
6190450317 8051935536
6190450317 6190450372
6190450317 8051935532
6190450325 8051935536
6190450325 8051935537
6190450329 6216187969
6190450329 6190450347
2036033178 2036033208
1134896795 1459343849
6190450333 6238672930
2036033187 2036033299
2036033187 2036033197
6190450345 6190450346
6190450345 6190450347
6190450345 6190450349
6190450347 6190450348
2036033197 3775374225
2036033197 2036033262
6190450349 6238672930
6190450349 6190450350
6190450351 6190450357
2036033208 2036033210
2036033208 2036033258
2036033213 2036033280
2036033213 8238486486
393725630 4887982268
393725630 10561850372
393725630 4887982254
249431744 1124761827
6190450372 6190450373
6190450372 6190450387
6190450373 8051798680
6190450373 8051798675
6190450374 6190450377
6190450374 6651867507
6190450374 8051935509
6190450374 8051935502
6190450377 6651867512
6190450377 6190450381
1134896843 8561947620
6190450381 6651867512
6190450382 6190450386
6190450384 6190450387
6190450385 6190450386
6190450386 6190450387
2036033238 9440325888
2036033238 9548334041
24569564 4887982250
2036033258 6190450358
2036033262 2036033280
2036033262 2036033339
10123249394 10123249401
10123249394 10123249404
10123249409 10123249410
10123249416 10123279117
2799150877 6238741330
2036033316 2036033320
2036033320 10123279187
2036033320 9548334027
2036033330 3775374225
2036033330 2036033339
2036033339 2036033350
2036033339 6190450333
2036033350 2036033361
2036033350 2036033363
6935873356 6935873360
2036033359 2036033371
2036033359 2036033363
2036033359 7122950887
2036033361 2036033365
2036033361 6128549741
2036033363 2036033373
5017093976 5017094026
5017093976 5017093980
5017093976 5017094023
6935873370 6935892497
6935873370 7122927882
6935873370 6935892495
2036033371 2036033373
5017093980 5017094028
2036033373 6128549731
5017093985 5017094032
5017093985 5017093987
5017093985 5017094031
5017093987 6216187960
5017093987 5017093992
5017093988 6216187960
5017093988 6216187957
5017093988 6216187958
5017093988 5017093991
5017093989 6216187953
5017093989 6216187955
5017093989 9817211644
6935873383 6935892488
5017093991 5017094004
5017093991 5017093992
5017093992 6190450194
5017093992 6991701124
5017093997 6238741352
5017093997 6238741356
5017093998 5017094001
5017093998 6190353023
5017093999 6190449281
5017093999 6190450188
5017093999 9817211644
5017094002 5017094005
5017094002 6651885213
5017094004 6991701122
5017094004 6190450188
5017094006 5017094007
5017094007 6190353021
5017094007 6190353023
5017094009 5017094013
5017094013 6190353021
5017094013 6651885213
5017094019 6238741961
5017094020 5017094121
5017094020 8431584317
5017094023 5017094025
5017094024 5017094026
5017094026 5017094032
5017094027 5017094028
5017094028 5017094030
5017094030 6199030059
5017094031 5017094032
667436950 3411065680
667436950 9440396086
5017094121 8431584154
966690829 1278345627
9376942123 10561850364
9376942123 9376942126
7076227132 7076227134
7076227133 7076227134
7076227134 7076227135
7076227136 7076227137
7076227138 7076227139
8099268729 8099268730
8099268731 8099268732
8099268734 8099268748
8099268739 8099268740
8099268741 8099268748
8099268748 8099268813
1374570672 4887982247
1374570672 4887982245
1374570680 1376054385
171493582 249431692
171493582 8528961083
171493582 1459343844
171493586 8528961083
171493586 1134896795
171493586 8528961079
858343638 2205488506
858343638 9376942123
1667164379 10762125864
1667164379 1667164381
30271719 365599664
30271719 123851141
8051935487 8051935489
8051935487 8051935490
8051935490 8051935492
8051935490 8051935494
8051935494 8051935496
8051935494 8051935502
912795915 912795916
912795915 9681403638
912795915 912795926
912795916 912795923
912795916 9681403627
8051935502 8051935504
912795923 9681403627
912795923 912795926
912795926 9681403637
8051935511 8051935513
8051935511 8051935514
8051935514 8051935516
8051935514 8051935517
8051935517 8051935520
8051935517 8051935519
912795935 9681403638
8051935520 8051935522
8051935520 8051935523
8051935523 8051935525
8051935523 8051935526
8051935526 8051935528
8051935526 8051935529
8051935529 8051935531
8051935529 8051935532
252012842 9090471579
8051935532 8051935534
10741115176 10741115177
8051935535 8051935536
8051935563 8051935568
8051935563 8051935565
8051935564 8051935568
912795981 9681403682
912795981 912795996
912795981 9681403677
8051935565 8051935566
912795984 9681403682
912795984 9681403669
912795984 9681403671
8051935568 8051935571
8051935571 8051935589
1141156180 1459343896
1141156180 1459343926
1141156180 1404502983
912795994 6216188314
912795994 9681403683
912795994 9681403669
912795996 9681403632
912795996 9681403630
153028962 8431584204
912796003 6216188314
912796012 9681403627
8432404844 9882918785
912796014 9681403637
912796028 912796043
912796028 6512679076
912796028 6512679078
912796037 4346241012
912796037 6238552589
912796043 6512679081
912796043 4346241012
912796055 9681403677
912796056 6709985170
10760202653 10760202654
6190352852 8048958859
6190352852 8048958861
6190352853 6190352855
6190352853 10689580923
6190352853 8048958855
6190352855 8741492416
6190352855 10689580920
6190352857 8048958858
6190352857 6710047795
6190352857 8048958861
6190352861 6190352869
6190352861 6190352862
6190352861 6190352871
6190352864 6190352867
6190352864 6190352868
6190352867 6190352868
6190352867 6190352871
6190352868 6190352869
32606693 1571592888
32606693 10123279128
32606693 10123279130
6190352869 6190352870
6190352871 6190352872
6190352872 8754139919
6190352876 6190352879
6190352876 10315094597
6190352876 10315094589
6190352876 10315094591
6190352879 10315094578
6190352879 6238741327
25610738 6190352872
25610738 6190352986
25610738 1400004816
25610740 6190352852
25610740 6188805871
6190352884 10315094580
6190352884 6190352990
171485732 4888058228
171485732 8432404844
171485732 8526214519
171485733 8432404844
171485733 2568653430
25610796 354728904
25610796 359272741
857590326 2036033057
857590326 10123279186
857590326 3770034700
6190352986 6190352990
25610843 2036033155
6190352990 6190352997
25610848 2036033113
6190352996 6190352997
6190352997 6238741327
6190353001 8741492362
6190353001 8048970775
6190353003 8048970759
6190353003 8048970775
6190353003 6238741327
6190353005 7175430928
6190353005 6190353006
6190353005 6216187943
6190353006 6190353030
25610864 857494662
319597170 319597171
319597171 6188806100
319597171 2036033365
319597171 6128549730
319597172 6128549730
319597172 1571593283
319597172 319597215
25610870 7332733210
25610870 3298490565
25610870 7122950831
25610874 25610877
25610874 3770034700
25610874 414223837
25610874 414223838
6190353018 6214438890
6190353020 6238672915
25610877 414223832
25610877 25610879
6190353021 8051935589
25610879 414223832
25610879 414223833
25610880 6448533616
25610880 414223826
25610880 414223823
6190353023 9817211645
470829699 6188754330
25610885 25610929
25610885 25610886
25610885 30271719
25610886 25610920
25610886 25610902
6190353030 6651885218
6190353030 6190450235
470829704 7096391809
470829704 9440396082
6190353032 6991701124
181676690 427827806
181676690 354725827
181676690 245926590
181676690 2316975023
25610902 25610920
25610902 10760202653
319597211 6128549745
319597211 2036033365
319597211 6128549741
319597215 1571593283
25610920 123851338
25610929 25610937
25610929 123851338
25610929 6238552726
25610937 6238552729
25610937 123851141
25610937 9440325879
245926590 3119298562
25610962 25610970
25610962 9440325883
25610962 123851212
25610970 1825805376
25610974 1825805376
25610974 1825805378
25610974 1571593322
25610974 319597215
25610977 8238486495
25610982 123851296
25610982 29782402
25610982 25610988
25610982 8238486495
25610988 6238552721
25610988 6238552726
25610988 9681399310
25610989 9288254449
25610989 30233330
25610989 9681399294
25610991 9681399294
181676783 7332733216
8526121804 8526121807
8526121807 8526121810
8526121807 8526214523
181676932 5017091519
6174657420 6174657424
6174657420 6594977577
6174657420 6751978233
6174657424 6188805859
6174657424 6751978238
6174657425 6174657437
6174657425 6190450382
6174657437 6174657441
6174657437 6174657443
3411053472 3411053474
3411053472 3411053476
3411053472 6651867533
6174657441 6174657443
3411053474 6651867534
3411053474 8432436119
3055004579 10123249410
3055004579 10123249404
3411053476 9882918785
3411053476 8432436091
3411053476 3411053486
3411053477 10315094578
3411053477 10315094595
3411053477 3412440598
6174657443 6174657450
6174657443 6219644682
3411053479 9882918785
3411053479 8526121804
3411053479 3412440598
3411053480 8432436120
3411053480 3411053490
3411053480 3411053486
6174657450 6219644682
3411053484 8526121804
3411053484 6680321894
3411053484 7658970823
3411053486 3411053492
7858512721 7858512726
6174657460 6219644807
6174657464 6174657483
6174657464 6238672916
6174657464 6214438469
6174657464 6219644807
6174657466 6188754328
6174657466 6238672915
6174657466 6174658486
6174657472 6190353020
6174657472 6214438478
858360777 9288254428
858360777 9288254446
6174657483 6174657484
6174657483 6174658486
6174657484 6174658488
6174657484 6174658485
10561850358 10561850361
10561850358 10561850364
10561850361 10561850363
10561850363 10561850364
10561850366 10561850374
10561850371 10561850372
10561850371 10561850375
10561850373 10561850375
10561850373 10561850374
8048970759 8048970764
8048970759 8048970765
8048970764 8048970769
8048970764 8048970766
8048970765 8048970766
8048970766 8048970768
8048970766 8048970770
8048970768 8048970769
8048970768 8048970770
8048970769 8048970770
8048970769 8048970775
6219631656 6219631659
6219631656 6219631660
6219631660 6219631664
6219631660 6219631663
6219631664 6219631667
6219631664 6219631669
6219631669 6219631672
6219631669 6219631671
6219631672 6219631675
6219631672 6219631676
8048970810 8048970811
8048970810 8048970812
8048970812 8048970813
8048970812 8048970814
8048970814 8048970816
8048970814 8048970815
8048970816 8048970817
1296100412 6188754330
6219631676 6219631680
6219631676 6219631679
354847809 2036032912
6219631680 6219631683
6219631680 6219631684
6219631684 6219644587
6219631684 6651867527
8048970818 8048970819
8048970818 8048970820
8048970820 8048970821
8048970820 8048970822
8048970822 8048970823
8048970824 8048970825
8048970824 8048970826
8048970826 8048970827
1840155754 1974467481
1397730436 5017093667
1397730436 1397730446
1397730446 7122950872
1397730446 1571593238
1397730506 7795307056
1397730506 4888058228
1397730506 7658970823
2863385855 3055004579
2863385855 10123279117
2863385856 2863385864
2863385856 2863385857
2863385856 10123279117
2863385857 10123249416
2863385857 2863385860
2863385858 2863385864
2863385860 2863385864
2863385860 2863385861
2863385862 3055004579
2863385863 10123249401
2863385863 10123249410
2863385863 3753452651
354725128 427827739
2799152520 6216188302
2799152533 6216188301
414223823 414223833
414223823 414223829
414223826 414223829
414223826 7332733229
414223829 10123279184
414223832 10123279173
414223833 414223837
414223837 414223838
414223838 7122950831
3371380198 3371380201
3371380198 6188805861
3371380198 3371380199
3371380199 8048970816
3371380199 8048970818
3371380201 8048970824
3371380201 8048970822
9681399276 9681399292
9681399277 9681399292
1134882297 10315094544
9681399289 9681399290
6925827 8238486492
856641036 856646181
856641036 856641047
856641038 9956254580
856641038 856641052
856641038 6188805862
9681399310 9681403617
1384156694 1384156698
856641047 6190353003
856641047 856641052
856641047 6190352879
6925864 7332733210
6214438469 6214438471
6214438471 6214438480
6214438471 6214438475
6214438471 6214438477
6214438472 6709985169
6214438472 6214438475
6214438472 6214438476
6214438474 6214438475
6214438478 6709985169
6214438480 6214438481
6214438480 6214438890
6214438480 6214438885
6214438481 6214438482
6214438481 6214438483
6214438483 6709985169
6214438483 6214438484
1298230884 1298231005
1298230884 7332741085
1298230888 6238552720
1298230888 9681403643
1298230888 6216187980
414223977 3823146292
1298230911 1298231022
414224000 1298231008
414224000 414224001
414224000 1571593043
414224001 1298230955
414224001 414224004
414224004 1298231008
414224004 414224017
414224017 414224018
414224017 4346241010
1298230955 1571593034
1298230955 7332733254
8429555371 10123279196
1298230975 1298231161
1298230975 1298231235
1298230975 1298231268
857140936 1298230884
857140936 7332733254
857140936 1298231063
21688009 1374570655
21688009 2205488480
21688009 1576210175
1298230994 4346241019
1298230994 2205488477
1298230994 6512673661
354725589 1298230936
6188805846 6188805847
6188805846 6188805851
6188805846 6188805859
6188805847 6238672922
6188805847 6188805851
1298231000 1298231235
6188805851 6188805876
1298231005 1298231176
1298231005 1298231063
1298231008 8119356722
6188805859 6594977577
6188805861 6188805864
6188805861 6188805862
6188805861 6751978238
6188805862 6190353001
6188805864 9956254580
6188805868 6190352986
6188805868 6188805869
6188805868 6188805874
6188805869 6188806088
6188805869 6238741328
6188805869 8754139919
1298231022 6238552587
1298231022 6216188324
1576210158 7332733264
1576210159 8119356722
6188805871 6238741328
6188805871 6190352869
6188805874 6190352996
6188805874 6188805878
1576210163 6216188305
1576210163 9681403658
1576210163 6216187980
6188805876 8741492393
6188805876 6188805878
6188805877 6188806089
6188805877 6238672924
6188805877 6188805878
6188805878 6188806088
1576210161 2205488480
1576210161 1576210166
1576210171 6216188305
1576210171 9681403668
1576210171 9681403669
1576210175 1576210176
1576210176 4887982283
1298231063 7483806099
1298231064 1298231247
7122939739 7122939744
7122939739 7122939745
1298231134 1298231235
7122939745 7122939746
1298231136 3770034700
1298231159 9681403659
1298231159 6216188324
1298231159 6216188363
10689580920 10689580923
6174658485 6190353020
6174658485 6174658486
6174658485 6174658487
6174658489 6174658494
6174658489 6214438478
6174658494 6199017129
6174658494 6214438892
354725826 1298230936
354725826 6935873290
354725826 354725827
354725827 6651867576
354725827 2316975023
6174658500 6214438892
6188806087 10689580920
6188806087 6188806089
6188806087 6188806092
6188806088 6238741329
6188806088 8741492419
6188806089 8741492419
6188806092 6188806096
6188806092 6188806093
6188806093 8048958841
6188806093 10689580923
6188806096 6238672923
6188806096 8048958846
6188806097 7122950872
6188806097 6188806100
6173224915 6173224916
6173224916 6174657459
6188806100 6190450333
6214438888 6214438890
6214438890 6214438891
171495448 1459343866
171495448 1134896795
171495448 8561947620
171495448 8521487991
856559647 10689580924
6448533614 6448533616
6448533616 6448533619
6448533617 6448533619
6448533619 7332733216
4887982227 4887982248
4887982227 4887982250
4887982227 4887982239
4887982230 4887982232
4887982230 4887982242
4887982230 4887982245
4887982232 4887982259
4887982232 4887982253
4887982239 4887982240
4887982239 4887982242
4887982242 4887982244
4887982247 4887982289
4887982248 4887982249
4887982248 4887982266
4887982249 4887982267
4887982249 4887982262
4887982250 4887982259
4887982252 4887982259
4887982253 4887982268
4887982253 4887982254
4887982254 4887982263
4887982257 4887982266
4887982257 10561850371
4887982257 10561850375
4887982261 4887982262
4887982262 4887982263
4887982263 4887982292
4887982266 4887982267
4887982266 4887992925
4887982267 10561850371
4887982268 4887982287
4887982268 4887982289
4887982268 10561850366
4887982269 4887982289
4887982269 4887982283
4887982269 10561850366
4887982272 4887982275
4887982272 9681399277
4887982275 9681399288
4887982275 4887982277
4887982277 10689535025
4887982279 10689535024
4887982279 10689535036
4887982279 4887982280
4887982280 7096391862
4887982280 10689535023
4887982283 7096391860
4887982283 7096391862
4887982287 4887992921
4887982287 10561850372
4887982290 6216188337
4887982290 10561850366
123850970 858360777
123850970 9681399289
2307723497 2326816344
2307723497 4887982266
2307723497 10561850363
9440325879 9440325883
9440325886 9548334041
9440325886 9440325892
9440325886 9440325889
9440325888 9440325891
9440325888 9440325892
9440325889 9440325891
9440325891 9548334043
9440325892 9440325893
6208114984 8059824524
6199030059 6199030060
6199030059 6199030061
6199030061 6199031086
6199030066 6199030080
6199030066 6199030078
8168329533 10251007494
6199030080 6199030081
6199030080 6199030083
6199030083 6199030084
6199030083 6199031086
1511379300 6677969752
6651867507 6651867516
6651867507 8051935511
6651867512 8048970826
6651867516 6651867527
29782402 6238552721
29782402 8238486492
123851141 7122950899
6651867532 6651867536
6651867532 6651867533
6651867533 6651867536
6651867533 6651867534
6651867536 8431584187
7483806099 7483806100
7483806106 7483806108
10758508977 10758508978
6211031477 6211031480
6211031477 6211031479
6651867574 6651867576
6211031480 6211031482
6651867576 6935873290
6651867577 6651867579
6651867579 6935873290
6651867582 6651867584
6651867584 6651885187
123851212 2036033371
123851212 7122950895
1459343820 6211031476
1459343820 6211031477
1459343820 5017094030
1459343824 6211031480
1459343824 6211031484
1459343824 6211036686
1459343827 3777278660
1459343827 1459343844
1459343827 6211036686
1459343844 1459343847
1459343847 1459343848
1459343847 3777278673
1459343848 5017094121
1459343848 3777278674
1459343849 10741115177
1459343849 2441476087
1459343866 1459343873
1459343866 10741115177
2093486591 8754139919
355996160 6216188333
1459343873 1459343896
1459343873 6219644658
355996165 6238552589
355996165 912796028
355996165 6216188333
1459343896 1459343913
123851296 123851338
583946789 6128549730
1459343913 1459343926
1459343926 7077983647
1459343966 8650891952
1459343975 7077983647
2248946313 8561884745
2248946313 3521833763
2248946313 8561947620
8051798675 8051798681
8051798675 8051798677
8051798681 8051798684
8051798681 8051798683
8051798684 8051935486
8051798684 8051935487
355996329 9288254451
355996329 6216188332
355996329 912796037
171504312 1459343975
3777278660 3777278667
3777278660 5017093980
3777278667 6238741965
3777278667 3777278670
3777278670 3777278673
3777278670 3777278674
3777278673 3777278674
30233330 6238552726
30233330 9681399271
30233332 9440325889
30233332 2036033330
30233332 2036033299
30233333 2036033113
30233333 6190450329
30233333 2036033299
30233333 2036033238
30233334 7122950881
30233334 359272741
30233334 3768859271
30233334 1667164379
30233334 1667179323
30233346 8528961079
3967775528 8741492393
3967775532 6238672926
4248793906 6190352996
10313823030 10313823051
4248793913 10762125862
10313823071 10313823075
10313823071 10649078124
10313823073 10649078124
25269116 4887982245
25269119 267818207
25269122 25269124
25269124 4887982277
25269125 4887982277
25269127 123850970
25269127 9681399290
25269127 9681399276
123851687 10123279136
123851687 10123279131
123851687 2036033037
123851707 857592880
123851707 10123279153
123851707 10123279151
8238486465 8238486479
8238486486 8238486492
8238486492 8238486495
857592880 10123279152
857592880 10123279159
857592885 10123279152
857592885 10123279150
857592885 10123279151
1825805376 1825805378
354727029 3753452644
354727029 2863385861
354718841 1342429767
857494662 2036033057
857494662 7122950830
7062844606 7876444016
7062844608 7876444012
7062844622 8521488013
267818206 1374570672
267818206 4887982247
267818206 7096391860
267818206 267818207
267818207 1374570672
6199031086 6199031087
3823146292 8119356696
2205488477 4749170069
2205488489 2205488510
1110087019 6238741345
1110087019 6174657441
1110087019 1110087033
1110087025 6238741377
1110087025 1110087059
1110087025 6238741381
2205488497 8238486479
2205488497 8238486462
2205488503 2205488510
8526214519 8526214523
2205488510 10561850358
2205488526 2326816344
2205488526 8238486465
2205488526 10561850361
1110087055 8048970833
1110087055 5017093997
1110087055 6238741381
1110087055 6238741950
4749170069 6216188360
1110087084 1110087088
1110087084 8048970833
1110087084 6174657450
2205488559 2326816344
2205488559 4887982266
2205488559 10561850373
2205488559 4346241014
1110087088 6238741347
1110087088 6238741351
1110087088 6238741352
1110087088 6174657450
2205488642 4887982268
3412440598 3412440601
3412440601 6680321894
3412440601 10315094580
3412440601 6190352884
3412440608 10758508977
3412440612 9724476154
3412440612 10758508978
3412440612 3412440613
3412440618 6680321896
3412440622 6680321900
6651885185 6651885187
6651885187 6651885190
6651885188 6651885190
6651885190 6651885193
6651885191 6651885193
8741492362 8741492363
6651885213 6651885216
6651885216 6651885217
6651885216 6651885218
6651885218 6651885220
6651885219 6651885220
6651885220 8051935565
8741492416 8741492417
8741492417 8741492421
8741492419 8741492421
8741492420 8741492421
365967160 1974467481
365967160 1840155754
365967160 365967161
365967161 1571592595
365967161 365967164
158734139 8432436120
158734139 8432436091
158734139 1404503004
158734139 8432436119
158734152 6219644600
158734152 8431584187
158734152 6651867536
158734152 6651867534
4888057697 6680306683
4888057703 9724476144
251813 1576210175
49338298 4749170069
49338298 1278345639
251854 6216188296
251854 1617074649
2441476087 6219644658
2441476087 2441476092
25638918 29782402
25638918 25638919
25638919 25638926
25638926 414224018
25638926 9681403658
6238672910 7076227139
6238672910 6238672911
6238672911 6238672913
6238672911 6238741355
6238672912 6238672913
6238672912 6238672914
6238672912 7175430927
6238672913 6238741330
6238672914 6238672915
6238672917 6238672918
6238672918 7076227135
6238672920 6335225739
6238672920 7076227135
6238672922 8741492362
6238672922 8048970765
6238672923 6238672924
6238672923 6238672926
6238672924 8741492393
6238672926 6238672927
6238672928 7122950881
25638970 6216188362
25638971 6216188362
25638971 49338298
25638971 1278345614
354719807 354719810
8099256389 8099256392
8099256390 8099256391
7096391809 9724476144
7096391809 10753473229
7096391809 10753473232
6512679076 6512679078
6512679078 6512679081
7096391860 7096391862
3298490563 7332741089
3298490563 7332741090
3298490563 7332741094
3298490564 7332733230
3298490565 7332741097
3298490565 7332741098
6153705748 6153705754
1571592475 1571592534
25450814 1571593288
25450814 9681399276
25450814 9681399294
25450814 25610991
25450815 9440396086
25450815 6680321902
25450815 9724476152
25450816 9724476152
25450816 171485731
25450816 667436950
1571592534 1571592560
1571592534 8602016979
1571592542 1571592565
1571592542 2863385855
153033055 10123279184
1571592545 7924143316
1571592545 1571592565
1571592560 7122950800
1571592560 7122950828
1571592565 1571592599
1571592623 1571592676
1571592627 1571592678
1571592631 1571592692
1571592676 2316975023
1571592676 1571592898
1571592678 2863385862
1571592678 1571592895
1571592692 1571592732
1571592692 1571592751
1571592732 6238552614
1571592747 1571592856
1571592751 1571592781
1571592751 1571592917
10315094580 10315094595
10315094580 10315094589
10315094587 10315094589
10315094589 10315094591
10315094591 10315094595
1571592781 1571592917
1571592781 1571592854
153033302 10123279173
1342429784 3777247914
1342429784 1342429799
4887992921 10561850372
4887992921 10561850374
4887992925 4887992926
4887992925 10561850375
1342429799 3777247914
1342429799 1342429811
1342429806 6153705717
1342429811 1397730415
3768859271 7122950872
3768859271 7122950881
3768859271 6238672930
7122950800 7122950848
1571592854 1571593032
1571592854 1571592964
1571592856 1571592895
429587113 1342429787
429587113 7858512725
429587113 6335225719
429587113 6335225723
3777247914 7858512744
429587115 6188754325
7122950829 7122950830
7122950830 7332733194
7122950831 7332733206
354720437 2036032911
1571592888 10123279136
1571592888 7924143316
1571592895 1571592934
1571592895 1571592998
7122950847 10123279119
1571592898 7332733242
1571592898 1571592907
429587141 6216188360
429587141 1298231202
429587141 6216188359
429587142 6216188359
1571592907 7332733257
1571592907 1571593034
10753473229 10753473230
7122950881 7122950884
1571592934 2036033001
1571592934 1571593020
7122950887 7122950890
7122950887 7122950891
7122950890 7122950891
7122950890 9548334030
7122950891 7122950892
7122950892 7122950898
7122950892 7122950894
7122950894 7122950896
7122950894 7122950895
7122950895 7122950899
7122950896 7122950897
7122950896 7122950899
9724476144 9724476145
9724476145 10753473232
9724476148 9724476151
9724476149 9724476151
9724476150 10753473232
9724476150 9724476151
9724476152 9724476154
1571592964 1571593032
1571592964 1571592996
10123279118 10123279120
10123279119 10123279120
10123279120 10123279126
10123279126 10123279128
10123279126 10123279130
10123279131 10123279153
10123279131 10123279135
10123279135 10123279136
10123279135 10123279156
856628003 856638022
856628003 856637964
856628003 856628022
1571592996 8119356722
1571592996 1571593043
1571592998 1571593020
1571592998 2036033045
856628010 856628057
10123279151 10123279152
10123279153 10123279156
10123279156 10123279159
856628022 856628054
856628022 856637983
856628023 856628088
856628023 856638008
856628023 9956254580
170236728 6199030061
856628024 856628088
856628024 856628089
856628024 856628060
10123279158 10123279159
856628027 856628059
856628027 856628084
856628027 856637983
856628028 6594977574
1571593020 2036033050
10123279173 10123279186
1571593032 6216188348
1571593034 1571593043
856628049 856628084
856628049 856637964
856628049 856638014
10123279184 10123279186
1571593043 4091322326
856628053 856628059
856628053 856641036
856628053 856638014
856628054 856628084
856628054 856637964
6677969751 6677969752
6677969752 6680306683
856628057 856646203
856628057 856637964
856628057 856628078
10123279187 10123279188
856628059 856637977
856628059 856641052
856628060 6594977574
856628060 856628078
856628078 6651867532
856628088 856638022
1974467489 6238552614
746986407 6188805864
746986407 6594977576
746986407 6190450381
365599664 365599673
365599664 10123279187
746986422 6751978233
746986422 8048970810
746986422 1397730436
746986422 6190450382
354728893 2036033001
354728893 746986452
354728898 6219644682
354728899 6174657425
354728904 3967775528
354728904 746986452
746986450 6238741956
746986450 5017094020
746986450 6238741959
746986452 1397730436
1571593175 2036033258
746986457 5017094002
746986457 5017093998
746986457 6190353006
1571593207 1571593256
1571593207 6188806097
1571593207 1571593283
1571593238 1571593256
1571593238 6238672923
1571593256 8048958846
10689535024 10689535026
10689535025 10689535034
10689535025 10689535026
10689535033 10689535034
10689535034 10689535036
10689535035 10689535036
1571593279 8048958828
1571593288 9681399277
1571593288 1571593319
1571593322 7122939745
1571593322 8059824524
1571593344 4887982272
1571593344 1571593459
1571593385 6238552737
1571593385 1825805378
1571593385 1571593411
6166781112 6214438469
1571593411 7122939744
1571593411 7122939739
8602016979 10123279128
8602016979 8602016980
1571593459 6208114984
1571593459 7122939744
8048958824 8048958857
8048958824 8048958859
8048958828 8048958855
8048958828 8048958857
8048958841 8048958843
8048958841 8048958846
8048958855 8048958858
8048958857 8048958858
8048958859 8048958861
5017091483 6188754322
5017091483 6173224916
5017091483 6188754285
5017091484 6190353018
5017091486 6190353018
5017091491 6173224916
5017091491 6188754326
5017091491 5017091495
5017091495 6335225740
5017091495 6188754326
5017091496 6190450388
5017091496 5017091500
5017091496 6214438469
5017091498 5017091500
5017091500 5017091512
5017091501 5017091503
5017091502 5017091509
5017091503 6174658489
5017091503 6190353018
5017091503 5017091505
5017091504 5017091515
5017091506 5017091517
5017091507 5017091509
5017091508 5017091520
354729397 2863385861
5017091509 5017091513
5017091510 5017091520
5017091512 5017091514
5017091512 5017091516
5017091511 5017091516
5017091513 5017094026
5017091513 5017091515
5017091516 6174657472
5017091515 5017091517
5017091517 5017091520
5017091519 5017094021
5017091519 6216187914
5017091519 5017094031
5017091519 6199030066
5017091520 5017094023
8561884643 8916583636
1299095023 1974467489
8561884681 8561884745
8528961079 8528961083
2036063817 10123249416
2036063817 3753452651
2036063817 2863385855
8561884745 8916583636
2036063826 10123249401
2036063826 2036063828
2036063826 2036063839
2036063834 2036063835
2036063839 10123249394
2036063841 2036063842
2036063842 10313823066
2036063861 10313823066
6199017128 6214438891
6199017129 6199017130
6199017129 6199017131
6199017129 6214438892
6219644588 6219644591
6219644588 6651867527
6199017131 6214438891
6199017131 6199017132
6219644593 6219644600
6219644593 6219644618
6219644593 6219644658
112189106 112189208
6219644599 6219644600
6219644599 8431584187
6219644599 8431584179
9412861628 9412861632
6219644618 8431584154
6219644618 6219644653
365600468 10762125864
365600468 365600469
365600468 10762125862
6219644637 6219644639
6219644647 6219644653
6219644653 8431584144
9681403630 9681403632
9681403632 9681403683
9681403637 9681403638
9681403638 9681403643
9681403643 9681403649
9681403644 9681403645
9681403645 9681403656
9681403645 9681403663
9681403646 9681403668
9681403647 9681403648
9681403647 9681403649
9681403647 9681403655
9681403656 9681403657
9681403656 9681403668
9681403657 9681403658
9681403659 9681403663
9681403662 9681403663
9681403671 9681403677
9681403672 9681403677
9681403672 10689535023
9681403682 9681403683
6594977574 6594977576
3307773771 6935873370
6128549721 6128549745
6128549731 6128549745
6128549731 6128549741
6680321893 6680321894
6680321896 6680321898
6680321898 6680321901
6680321900 6680321901
6680321901 9724476148
6680321902 9724476149
7876444012 7876444018
7876444012 7876444013
6680321904 6680321907
6680321904 9724476150
7876444015 7876444016
6680321907 9724476149
7876444017 7876444018
6335225718 7858512726
6219644793 6594977576
6219644793 8431584179
6335225719 7858512737
6335225721 7858512735
6335225723 7858512737
6335225723 7858512735
6335225730 7858512744
6335225730 7858512737
6335225730 6335225739
6219644807 9513485208
6219644810 6219644812
6219644812 6238672918
6709985170 9681403630
7332741085 7483806108
7332741087 7332741089
7332741092 7332741094
7332741094 7332741097
7332741095 7332741097
4346241010 9681403657
4346241010 9681403659
4346241012 6238552587
4346241014 4887982290
4346241014 6512679076
4346241014 4346241022
7307258 25610970
4346241019 6512679081
4346241019 4346241022
4346241019 6512679078
