817670148 817670270
875620356 11181454685
875620356 9147634791
838707207 10876048080
838707207 897986490
838707207 9196493389
6433282069 6433282082
1067692058 8162379588
9009803294 9110461035
10814756901 10814756903
816746537 816746596
816746537 5486357953
816746537 8415216996
838707241 838707265
838707241 8990634923
838707241 8073551245
816746539 8415216996
816746539 816746605
816746539 816746575
825972781 825974306
835254318 9297777139
844628014 8073559722
844628014 844628018
9066455086 9080959630
9066455086 9196460502
9009803313 9110461035
844628018 9194554897
844628018 844628085
838707255 10876048081
838707255 897986490
748208184 5486357958
835260472 835260479
872783930 872784152
1239918648 8073510731
788555836 811428116
788555836 811428125
788555836 788555860
788555836 811427999
582256701 6859016419
812138557 8415215936
812138557 8836672729
812138557 812139082
835260479 9196256266
835260479 8162379605
838774846 908827745
838774846 9063595730
838707265 9774307907
788555843 805654009
788555843 811515507
788555843 811428020
788555844 811515515
788555844 9064405240
788555847 811428032
788555847 811428069
788555847 811428116
838707272 8846047793
838707272 10185585418
838707272 9787401172
8073576522 9774307907
8073576522 10184170707
8073576522 8073576524
8073576524 8162379604
8818446419 8818446421
788555860 1120211526
788555864 811515624
788555864 811515601
788555864 9064405240
811386987 811387080
811386987 11181454646
811386987 3749551134
844628085 844628114
7804291190 7804291192
7804291190 8073551223
7804291191 8073551225
838774904 908827745
838774904 9063662539
811387001 4975701620
811387001 1320672845
811387001 9066455086
2356955262 2356955277
811427970 838774904
811427970 811428097
811427970 811427972
10876049539 10876049545
811427972 811428036
811427972 9063582462
811470998 1198846130
811470998 9066483482
811470998 1381607205
1801621656 1801621665
8779403417 8779403420
811471002 811471157
811471002 811702446
811471002 9157622055
817836186 817838408
817836186 817837161
817836186 817836619
817836186 844627969
824527002 824527072
824527002 824527041
8779403419 8812304092
817670302 817670353
872784030 8415216986
872784030 8415216996
872784030 8415217030
1801621665 8415215956
1801621665 1801621694
8348922018 10675032901
8779403420 8815800872
8779403420 8815800875
8779403420 8812304092
8779403421 8779403427
825972901 825974206
8779403426 8815800872
8779403426 8806529481
8779403426 8779403427
811428007 811428122
811428007 811428108
811428008 811428092
811428008 838774846
811428008 811428111
8779403427 8815800875
8348922028 10675032901
8348922028 8348922030
1801621677 1801621691
811702446 6840481304
8348922029 8348922030
1198846130 9064412129
1198846130 9080947820
811428020 1320672857
811428023 811428056
811428023 811428116
811428023 811428125
825972919 825973448
825972919 8394855382
825972919 825974206
811428025 811428111
811428025 9063582463
9066457278 9066457280
811428032 811428056
9066457280 9157622053
9066457280 9157622055
811428036 908827745
811428036 811428092
811387080 7612789969
811387080 9080959651
817670353 817670963
811471064 9066457280
811471064 9157622049
811471064 811471110
811428058 9196206837
825972952 825974384
827500762 904200642
9063090397 9063104757
824527072 8348922018
824527072 837197516
811702497 6840481304
811702497 814658769
824527074 825973481
824527081 825974700
6799706347 8841770224
872784108 895889321
872784108 7555802809
9063104757 9063104758
9063104757 9063122055
9063104760 9063122055
871794937 871794959
9064405240 9064405258
811428092 811428111
871794940 871794959
440881408 9196217214
811471110 812090973
811471110 811471157
9064405253 9064405275
9064405253 9064405258
9064405253 9064405283
9064405258 9064405275
811428108 9574013876
811428108 9064405277
811428111 9063582472
871794959 871794988
811702545 9080915915
811702545 1320672845
6433282329 6433282332
9064405275 9064405277
9157622047 9157622051
9157622047 9157622053
9157622047 9157622055
8406483233 8406483235
835254563 1320672867
835254563 8990368564
9064405283 9064405289
9064405283 9206412143
9157622049 9157622051
9157622049 9157622053
8992657709 8992698332
810361137 831702370
825973044 825973228
825973044 825973797
811471157 811702497
811471157 9157622051
8415215929 9063104760
8415215929 8415215931
8415215929 9063104757
8415215931 9063560860
8415215931 8415215934
8415215934 8415215936
8415215934 9063560860
8415215936 8415215937
8415215937 9063104760
249788738 838707198
9063731531 9080959636
9063731531 9063731581
825973074 825973886
825973074 825973260
825973074 825974206
825973074 825973575
9063113042 9196485377
9063113042 9063122055
827500887 827501362
827500887 9080916571
827500887 8414560933
8935395671 8935395682
8935395671 8935468452
9194606934 9194606937
9194606934 9194606935
9194606937 9194606938
9194606938 9206250319
9194641773 9194641796
630430076 630430080
630430076 656532269
630430076 656532382
817838460 8073447877
844151165 8073551264
844151165 8073551276
844151165 8073551293
9063731581 9080959633
9063731581 9066483470
630430080 630430082
630430080 8989615588
630430082 630430089
630430082 656636499
9194641795 9194641810
9194641796 9194641810
810402183 812138771
630430089 656532380
630430089 656636501
630430093 630430096
630430093 656636499
630430093 656636501
8990400911 8990403841
630430096 656532256
630430096 8990434014
9194641809 9194641810
762685842 762685931
762685842 762685868
762685842 830840317
8073447831 8073447834
8073447831 8073447845
8073447831 8073504102
8073447834 8073447842
8073447834 10908330602
762685851 885387009
762685851 762685906
762685851 762685939
630430108 630430112
630430108 656532256
630430108 656532244
630430108 656532254
817838492 844628014
817838492 842298972
630430112 630430116
630430112 656532246
630430116 656532275
630430116 630430119
630430119 656532256
630430119 656532278
762685863 762685939
459469229 459469234
459469229 811428125
459469229 788555860
459469229 675060925
8990376368 8990376369
8990376368 9196493403
810361265 871242608
459469234 1320672717
459469234 811428020
459469234 811515741
8990376369 8990658032
459469238 805654009
459469238 811515507
459469238 811515741
459469240 459469242
459469240 788555844
459469240 811515741
459469242 811428122
459469242 811428007
459469244 811428122
459469244 9574013876
459469244 459469245
459469245 459469247
459469245 788555847
459469247 811428032
459469247 675060925
8073447877 8073447888
630430150 8414560922
630430150 8873603045
630430150 8414560926
8990425543 9063575121
8392268236 9063113042
8073447885 8073447896
8073447885 8073447888
8806529486 8806529490
9206221263 9206221264
8806529488 8806529490
762685906 1120211590
8806529489 8806529508
8806529490 8806529492
8806529490 8806529508
459469270 11181454672
459469270 4975701618
459469270 4975701619
8073447896 10908330602
8073447896 8073447903
459469274 11181454672
459469274 656532333
459469274 656532357
827501018 904200642
8806529499 8806529505
459469279 459469282
459469279 656532371
459469279 8414557006
459469279 656532362
8073447903 8073447906
8073447903 8073447907
459469282 656532370
459469282 8873603045
459469282 656532382
439704035 811428025
439704035 811428036
439704035 9063582470
8806529506 8806529509
8806529507 8806529509
8806529508 8806529509
459469289 656637874
762685931 830840317
762685931 8414560933
825973228 825974394
762685939 885387009
8394811895 8394855425
652433912 831702344
5537427966 9063731532
8394811912 8415217005
249790987 5761455570
249790987 1286869901
836155920 837197512
836155920 836170868
836155920 836156544
825973265 8394855357
8891767313 8891767314
8891767314 10939226928
8990347795 9297777139
8990347795 8990347798
8990347795 8990355191
1120211477 9063582472
1120211477 1120211652
1120211477 1120211654
8990646800 8990646807
1120211481 8415216986
8162374179 10876048081
8162374179 9787401172
249791012 1320051419
8846543399 8928159220
656552489 8990434014
8815800872 8815800880
8815800873 8815800875
8846047793 8990634924
8846047793 8990634927
2547702329 11181454658
249791035 833237386
1120211518 8073510728
1120211518 9205925753
1120211518 1120211622
2547702337 2547702339
1120211522 8415217009
1120211522 5486357953
2547702339 2547702346
2547702339 9063633971
9774307907 9774307909
1120211526 1320672717
812139082 8415217046
812139082 897681031
2547702346 8990440821
708878925 708879226
9196493389 10876048073
836155984 837197530
656636499 656636501
810361430 9009803313
844610135 844627925
249791064 5486373314
810361433 8882736920
825973338 825974681
9080916570 9080916571
9196493403 9196493405
9196493403 10876049551
812776025 8414560946
812776025 7780785419
812776025 827501362
701538912 8990670228
701538917 831702285
701538917 701538918
701538917 701538919
701538919 831702337
701538919 831702285
701538919 810361137
671003241 897986186
10908330602 10908330604
8223858357 8223858358
9080959630 9080959651
9080959633 9080959636
8932840087 9111025744
8932840087 8932849619
747315867 747315873
747315867 747315908
747315867 747315942
747315867 747315991
747315867 885387004
747315873 762685577
747315873 747315991
747315877 885387004
1120211622 9194618704
1120211622 9066532819
825973419 8394855407
8414560939 8414560945
8414560939 8414560940
747315885 8989615563
747315885 762685906
747315885 762685851
747315885 747315894
9080959664 9080959675
835461809 8990658032
8414560945 8414560946
747315894 747315939
747315894 747315908
747315894 5135304043
747315894 762685939
8414560954 8414560962
8414560955 8935468495
660789948 9196154780
9080959675 9080965017
9080959675 9080959678
1120211649 1120211654
8414560962 8414560963
8414560962 8935468486
8414560963 8932863481
8414560963 8935468495
747315908 747315942
747315908 747315939
1120211652 9063595730
1120211652 9063731531
1120211654 9080959636
10876048067 10876048078
825973448 825974384
1046264520 8415215937
1046264520 8415216986
1046264520 8392268236
10876048072 10876048073
10876048073 10876049545
10876048079 10876048084
10876048080 10876048084
10876048080 10876048087
10876048081 10876048087
871242456 871243120
825973469 8394855358
8990434014 8990440821
8414560991 8932863481
747315939 747315969
747315942 762685863
747315942 747315958
747315942 885387004
747315944 885387009
747315944 5135304043
8414560998 8932877229
817670891 817671281
8414561001 8932877229
8615453416 8935468452
1338913518 9196217214
9196206831 9196217184
9196206831 9196206835
747315952 747315973
9196206835 9196206842
9196206835 9196206838
9196206837 9196206841
9196206837 9196206838
747315958 747315970
747315958 885387004
747315958 762685863
9196206838 9196206839
9196206839 9196206841
9196206839 9196206842
8414561020 8935468495
9063582462 9063662539
9063582462 9063582470
9063582463 9063582472
812047102 5630016935
747315969 5135304043
747315969 747315973
747315969 747315991
1286869763 1286869850
9196485377 9196510188
9196485377 9196485380
747315973 747315991
9063582470 9063595732
9063582472 9063595730
10185585418 10185585420
656532239 9063633971
656532239 656532244
656532239 656532246
656532244 2547702337
656532246 656532275
656532246 9064391575
825973527 825974248
825973527 8394855425
7538266905 7538266929
10675032858 10675032901
656532254 2547702337
656532254 2547702346
656532269 827501362
656532269 656532388
10939226926 10939226928
827501362 8990440821
656532275 656532278
8990368564 8992698331
656532278 656532286
656532286 656637874
656532286 875620356
656532286 11181454685
817836870 817838408
817836870 817837161
817836870 8073447877
825973575 825974465
825973575 825974671
8394855240 8394855241
842281801 8073436472
8394855241 8394855244
8394855241 8394855311
8414557004 11181454683
8414557004 9196460502
8414557005 11181454684
825973583 825973897
8414557006 8414557009
8414557006 9080915899
8414557006 8873603045
8414557009 9080915881
8414557009 8414560922
8414557009 8873603045
9206250320 9206250321
9206250321 9206250322
9206250322 9206250323
9206250323 9206250325
8414557016 8414560922
8414557016 8414560926
9206250324 9206250325
1286869850 6859016408
1286869850 1286869901
8394855258 8394855277
9196217178 9196217206
631989085 811470998
9206412133 9206412138
812139369 871242608
835461994 8990658030
9206412138 10876049522
9206412138 9206412143
842281836 8073436473
656532333 875620356
656532333 11181454685
656532333 656532357
9206412139 10876049549
9206412139 9206412143
871242608 8615453387
9196217200 9196242025
9196217200 9196217206
9206412144 9206412146
9206412146 9206412147
9206412146 10124774982
9196217206 9196217207
764404599 9194641800
764404599 5135304043
708879225 708879226
708879226 708879577
656532347 656637874
656532347 656532371
656532347 11181454684
656532347 656532362
9196217207 9196217214
9196217214 9196242025
8406455171 8406455175
656532357 8414557005
656532357 656532362
656532362 8414557005
656532365 656532370
656532365 656532371
656532365 2547702378
656532370 656532380
8394855314 8394855317
9064391575 9064391578
9064391575 9147634791
836250523 838707272
836250523 838707219
836250523 837197509
656532380 656532382
8806564765 8806564769
656532382 8414560926
8394855328 8394855330
656532388 8414557016
656532388 9080916570
656532388 9080916571
8394855332 8394855333
825973674 8394811895
8990634923 8990634924
8990634924 8990634927
8932877229 8932877243
836156336 837197333
5537878964 9194618704
5537878964 9194618708
5537878964 5537878967
8932877236 8932877243
8932877236 9028078991
836156343 9194554896
836156343 836170802
836156343 836156572
5537878967 5537878968
5537878967 9194554897
5537878970 9724968121
5537878970 5537878978
5537878970 9066483493
872530875 907884656
872530875 872530889
872530875 8207107071
5537878978 9194618708
5537878979 9724968121
5537878979 9194641773
5537878979 9063104758
9063662534 9063662538
9063662534 9064709604
872530889 872784108
9063662538 9063662539
872530893 8415215959
872530896 8415215938
5537878996 9066483490
5537878996 8073568307
5537878996 9063104758
8882705365 8932863513
8882705365 9028078991
8394855383 8394855384
8394855385 8394855386
8394855387 8394855388
9787401172 10185585420
8394855392 8394855393
8394855394 8394855395
8882705381 8932877235
8882705381 8932877236
8882705381 8932840087
9064412128 9064412129
9064412128 9080915915
9064412128 9080947822
9064412129 9066457278
8394855407 8394855409
8355492851 9066532820
8990614515 8990637718
817837048 817838408
817837048 817838370
817837048 817838460
8394855425 8394855426
8394855426 8394855469
8394855426 8394855471
8882705416 8882736920
8882705416 8935468434
8882705416 8932849619
9196256266 9196256285
9196256266 9196256294
836170781 9205925753
836170781 8073510731
825973797 825974686
8394855469 8394855470
836170802 836170868
836170802 1338913518
8394855476 8394855477
8394855478 8394855479
4947000396 4947000401
4947000397 4947000402
4947000398 4947000403
4947000399 4947000404
1128053844 1128053847
8990407761 8992657708
1128053847 1128053953
1128053847 9194641795
871242846 871243120
675107938 675107953
8990358626 8990376368
8990358626 9297777139
8990358626 8992698332
1128053862 1128053953
1128053862 1128053905
1128053862 9194641796
1128053862 9194641773
9147634791 11181454671
817837161 844627929
9080947820 9080947822
9080947822 9080959633
675107951 8806564765
815563888 815564017
815563888 815564179
815563888 815564261
817671281 844627925
836170868 9066532820
817837174 817838370
817837174 817838492
817837174 844627919
1128053880 9194641809
1128053880 1128053978
1128053880 9194641795
825973886 825973947
836156544 8073510757
836156544 1338913518
836156544 9196217207
825973897 825974681
825973897 825974658
904193165 1120211496
904193165 904193184
904193165 904193180
810519702 9194606935
825973914 8394855469
954573978 8073568307
954573978 9063731532
954573978 954573982
836156572 9066532820
836156572 836170781
904193180 904193182
904193182 904193185
3077514404 3077514413
675060903 1120211522
827270320 828583157
9724968117 9724968121
675060925 811428056
675060925 675060928
1128053953 5537878978
7612789967 7612789969
7612789969 11181454648
825973971 825974162
827282646 871794959
1128053978 8207107071
8836672729 9063664635
825971950 7780785431
828583157 8990368564
825974011 8394855351
825971966 8394855407
32705791 872530886
814746882 872530896
1445848322 3077514408
831702279 831702344
831702279 831702370
7780785415 9063575147
7780785419 7780785441
7780785419 8414560946
836156686 10126349721
32705816 6859016419
859473177 11229843455
32705824 9080959651
7780785441 7780785457
836156710 8073510743
32705831 9080959630
825972011 8394811895
817403182 838786440
817403182 838786477
817403182 838786470
825974064 8394855427
8073436473 8073436474
825974074 825974248
8073436474 8073436492
8073436474 8073436479
825972029 8394855396
871243071 871243120
815564097 815564179
8073436481 8073436489
831702344 831702370
831702344 6799706373
825972042 825973527
8073436492 8073436495
1224387921 5355374551
11181454672 11181454683
8073436499 8073436515
817837396 817838460
817837396 817838370
817837396 817838492
8073504085 8073504104
8073504085 8073504094
8073504085 8073504103
2477008215 2477008218
825972060 8348922039
831702364 8882705365
8073504093 8073504105
8073504093 8073504106
8073504093 8073504102
11181454684 11181454685
8073436515 8073436516
8073436515 8073504102
8073504103 8073504104
8073504103 8073504105
8073504104 8073504106
8073504105 8073504106
5135304043 9194641800
8415217001 8836672729
8415217001 8415217005
8415217001 8415217046
8415217005 8415217009
8415217009 8415217043
825972082 8394855360
8073551223 10126349732
8073551223 9206221263
810433913 9945910859
8073551225 8073551235
8073551225 10126349726
825972094 825974384
825972094 825973897
825972094 825972901
8415217024 8990425543
1801600388 1801600399
8415217030 8415217043
8415217030 8990425543
838786440 838786470
838786440 897680894
8891889032 10939226928
8073551245 8818446419
8882734478 8882734482
9028078991 9028078993
8073551250 8073551256
8073551250 8073551252
8073551250 8073551269
8073551250 8073551264
8073551252 8073551256
8073551252 8073551299
8073620885 8073620900
8073620885 10185577999
8073620887 8073620890
8073620887 8073620900
8073620887 9064405277
8073551256 8818446419
8415217043 8415217046
8073620890 8073620898
8073620890 9206412139
825972124 825973228
825972124 825972958
825972124 8404383095
825972125 825974681
825972125 825972717
825972125 825972901
8935468441 9111025744
8935468441 8935468452
8073551264 8073551271
8073620898 8394552824
8073620898 10185585420
8073620900 8394552824
5630016933 9206412133
5630016933 5630016935
5630016933 9080916570
5630016933 9196493405
838786470 838786477
5630016935 10876049545
5630016935 10876049546
5630016935 10876049552
5630016935 8990328695
8073551269 8073551270
8073551269 9196250599
8073551270 9194606934
8073551270 8073551271
8073551271 9194591669
8073551272 8073551274
8073551272 8073551275
8073551272 8073551276
8073551274 9194591669
8073551274 9194606935
8073551275 8073551276
8073551275 9194591669
904187313 8073568307
904187313 904187322
904187313 9066483491
904187322 9066483491
904187322 9063731532
8073551291 8073551296
8073551291 8073559633
8073551291 8073551299
8073551296 9206221264
8073551296 8073551299
5486357953 11020151412
5486357953 5486357958
825972165 825974636
5486357958 11020151412
825972168 825973886
8073551304 9206221264
8989615563 9194641800
8989615563 9194641809
8990408140 8992657706
1320672717 1320672752
1320672717 1320672857
813745616 813745792
813745616 813745841
837197273 8348922018
837197273 837197516
837197273 837197415
9196250585 9196250594
9196250585 9206250317
871243230 9945910859
813745631 813745814
813745631 813745716
813745631 813745734
9196250594 9196261325
837197285 837197521
837197285 837197411
837197285 9405612838
654349803 819337873
8990658030 8990658032
8990658030 8990666423
837197296 837197521
837197296 837197530
837197296 837197439
1320672752 9080915899
1320672752 1320672845
837197301 837197480
837197301 8414560940
837197301 837197516
8928159221 8928159223
8928159221 8928159222
8928159222 8928159223
813745656 813745814
805654009 805654070
805654009 811515515
814747130 6859016419
8394552824 10185577999
897680894 9063633971
897680894 897681031
8932863481 8932863513
8932863481 8932877229
805654016 1120211477
805654016 838786477
805654016 9063582463
837197313 837197521
8990356995 8990368564
8990356996 8990402544
8990356996 8992698332
8990356996 9297777143
9194554884 9194554896
9194554884 9196217200
9194554884 9194554886
9194554885 9194554886
9194554886 9194554888
9194554888 9194554889
9194554888 9194555150
9194554896 9196242025
837197333 837197512
837197333 837197497
837197333 837197530
6840481304 9574013876
8932863513 8932877243
813745691 813745792
813745691 813745841
813745691 813745848
873903644 873903902
825972258 825973448
825972263 8394855334
812936752 817403182
813745716 813745817
813745716 813745814
825972276 825974248
825972276 825973948
825972276 825972901
8779419189 9194606937
6697086520 11181454683
1320672826 1320672857
1320672826 5630016933
1320672826 9064405303
8073559619 8073559635
813745734 813745817
813745734 813745842
813745734 813745838
8073559624 8073559625
8073559624 8073559633
8073559624 8073559630
8073559633 8073559635
805654098 1320672857
8073559635 9206221263
842298972 8073436473
842298972 8073504085
842298972 8073559671
812090973 8073510841
812090973 8073510846
8073559644 8073559688
837197411 837197507
837197411 837197419
1320672867 9196493405
1320672867 8414560933
837197415 837197480
837197415 8348922028
842298983 8073436480
842298983 842299153
842298983 8073436492
897986152 8073576524
8073559658 8073559673
837197419 837197464
837197419 7804291190
825974383 8348922040
873903729 873904015
4975701618 4975701620
4975701618 8414557004
811515507 811515741
811515509 811515844
811515509 9064405303
811515509 811515767
4975701620 9196460502
8073559671 8073559673
825974394 8394855483
811515515 811515844
837197439 837197497
837197439 8073510763
813745792 813745812
7112031873 7845881767
825974402 8348922041
897681031 9064715725
817669776 817671281
817669776 8812304092
817669776 817670486
837197464 837197530
837197464 837197507
813745817 5537878968
9063560860 9063595751
811515549 811515624
811515549 811515601
811515549 811515767
8223858333 8223858334
8223858335 8223858336
8223858337 8223858338
8825902755 8825902758
9033399969 9034354456
8825902758 8825902760
8825902758 8825902762
837197480 8348922030
9152728746 9152728747
9152728746 9152728750
842299055 8073559683
8223858351 8223858352
7555802801 8891889032
8223858353 8223858354
8223858355 8223858356
837197497 837197512
811701946 811702545
811701946 1120211526
811701946 811702446
825974458 825974700
837197501 8414560940
824526526 824527041
7555802812 8891889032
8990666423 9196493389
8990666423 9196256285
824526529 825974394
772644546 8392268236
837197507 837197521
6223746760 6223746761
6223746760 6223746763
873903824 8891889033
873903824 8891767314
811515601 811515844
9063595732 9063662538
9063595732 9063595751
9063595751 9063662534
811515624 811515690
7555802858 8207107071
842299117 8073559658
842299117 844628085
842299117 844628014
842299121 8073559673
842299121 8073559683
842299121 8073559671
817669874 817670353
817669874 817670148
885386997 6223746760
885386997 885387000
885386997 9194641800
8990355191 8992698331
8990355191 8990376381
885387000 6223746763
885387000 9194635756
885387000 885387014
842299136 8073436472
842299136 8073559673
842299136 8073559671
885387009 5135304043
885387011 6223746763
9034354438 9206250320
9034354438 9206250319
9066483470 9194554889
9066483470 9066483482
9194555150 9196206831
1381607184 9080959651
842299153 8073436472
842299153 8073559658
8882736920 8935395671
9034354456 9206250324
9066483482 9194554889
871862044 9945910859
11080445727 11080445729
1381607200 9080947820
1381607201 1381607205
9066483490 9066483491
9066483490 9194554885
825972515 825973624
1381607205 8073510838
1381607205 9194555150
9066483493 9066532819
9066483493 9194554885
11080445729 11080445768
11080445729 11080445730
8162379581 8162379588
8162379588 8162379604
8935468434 9111025744
8935468434 8935468441
8073510728 9194554897
8073510728 8073510729
8073510729 8073510736
8073510729 8073510731
9194618704 9194618708
654391122 837197516
825972564 825974198
654391125 8414560939
8073510742 8073510743
8073510743 8073510744
8162379604 9774307909
8162379605 8162379611
8162379605 8162379607
8162379611 9196493389
8162379611 9196256285
8073510751 8073510760
8073510751 8073510752
8073510751 8073510821
8073510752 8073510820
8073510752 8073510757
8073510757 9196242035
8073510760 8073510763
8073510763 8073510764
8073510764 8073510821
8073510764 8073510767
8073510767 8073510824
8073510767 8073510795
811515767 9064405303
8990328695 8990376369
8990328695 9206412133
8073510780 8073510782
8073510780 8073510797
8073510780 8073568310
827500414 904200642
827500414 830840317
827500414 904193165
8073510782 8073510803
8073510782 8073510788
8073510788 8073510824
8073510788 8073510795
2298054533 2298054535
2298054534 2298054535
2298054535 2298054537
8073510795 8073510797
844627852 5537878968
844627852 844628018
844627852 844627925
844627852 844627919
8073510797 8073551245
897986448 897986490
897986448 8162379611
897986448 9774307909
8073510803 9206412144
8073510803 8073510806
8073510804 8073510806
8073510806 9206412147
838707098 10185585418
838707098 838707219
838707098 838707159
8073510815 8073510817
8073510815 8073510834
8073510815 8073510823
8073510817 8073510820
8073510817 8073510837
8935468452 8935468461
8073510820 8073510821
838707109 838707159
838707109 8073510804
838707109 838707143
8073510823 8073510824
8073510823 9206412144
9080915881 9080916570
9080915881 9080915899
825974700 9152728746
671649710 8806564765
8073510830 8073510834
8073510830 9206412147
8073510830 9064679933
656637874 11181454685
7794823090 7794823096
8073510834 8073510835
8073510835 8073510843
8073510835 8073510837
8073510837 9196217191
8073510838 9196206842
8073510838 8073510846
8073510841 9064679933
1067691963 1067692026
1067691963 8162374179
1067691963 10876048087
8073510843 9196206841
8073510843 8073510844
8073510844 9064679933
8073510844 8073510846
8073510846 9066457278
838707137 838707265
838707137 838707255
838707137 8990634927
838707143 838707219
838707143 8073568310
9080915915 9080959630
844627919 844628014
8932849618 8932849619
9066532819 9205925753
8990586838 8990586839
838707159 838707174
838707159 10185577999
838707174 8073510841
838707174 8073510804
838707174 8073620885
825972712 825972903
825972717 825974507
825972717 825974092
8990402544 8992698331
8990402544 9297777139
838707198 8990634923
838707198 8073568310
8928141311 8928159221
