1275543558 5580530345
1275543558 1275543899
1275543558 7196784540
55320593 1249805138
55320593 4172967356
55320593 305769733
9094840348 9565724344
9094840348 9094840349
60948533 7603456228
60948541 4749651852
60948545 2135693489
8914387012 8914398220
1275543621 1275543713
1275543621 1275543899
1275543621 1275543678
4005175369 4005175370
4005175370 4005175371
4005175370 4005175373
4005175373 4867472477
8919182588 8919182591
8919182590 8919182591
2578677886 8919353023
8919359623 8919359634
1275543695 7196784540
8919359633 8919359634
8919359633 8919359637
8919359635 8919359637
8919359637 8919359638
8919359639 8919359640
288964762 288964776
288964762 579408856
8919359642 8919359654
8919359642 8919359647
1275543708 5580530345
8919359647 8919359653
1275543713 5580518986
1275543713 1275543899
8648122534 8648122536
8648122534 8648122553
8648122534 8648122563
288964776 1189603408
288964776 3782173902
8648122536 8648122563
8648122536 8648122549
8648122540 8648122543
1275543731 1289349012
8648122553 8648122554
8648122555 8648122556
8648122557 8648122563
1716150507 1716150522
288964866 8919182312
288964866 289051119
1900478766 1908151018
1900478766 1908151010
1900478768 9002380961
1900478768 1908151010
1900478768 2542693590
288964921 364684917
288964934 8569069880
288964934 1886546481
288964934 288964940
288964940 3866182243
1275543899 5578617386
8196326261 10044110011
8196326261 8196326263
6039388540 8919182264
6039388540 6039388543
289284477 289284490
289284477 289284492
289284477 289284503
6039388543 8919182264
289284481 289284492
289284490 289284492
332046738 6039388543
11238744467 11238744472
11238744473 11238744474
11238744475 11238744482
11238744475 11238744478
11238744475 11238744487
11238744479 11238744482
11238744479 11238744485
11238744479 11238744487
332046756 332046759
10197098917 10802558906
11238744484 11238744488
11238744484 11238744485
332046760 332046761
10197098920 10802131612
11238744485 11238744487
11238744487 11238744488
4326941108 5162745287
4326941109 8919285318
330195391 8919182123
280388039 360039765
3157041612 4007814800
3157041614 4007811787
2905326034 8266572945
2905326034 2905326739
2905326034 2905331719
2905326035 2911832600
2905326035 2905326036
2905326036 2905326039
2905326039 2905326040
2905326040 9528273875
2905326040 2905331719
681525724 681525729
681525724 681525772
681525724 787132177
681525767 681532417
1541956105 4692822391
681525771 787132177
6016115229 8197732034
3866182196 3866182197
3866182196 3866182206
3866182196 3866182199
3866182197 3866182198
3866182197 3866182207
3866182198 3866182200
3866182198 3866182204
3866182199 3866182202
3866182199 3866182203
3866182200 3866182208
3866182200 3866182205
3866182202 3866182203
3866182202 3866182214
3866182203 3866182214
3866182204 3866182210
3866182204 3866182205
3866182205 3866182208
3866182205 3866182212
3866182207 3866182210
3866182208 3866182213
3866182206 3866182216
3866182206 3866182207
3866182210 3866182211
3866182211 3866182227
3866182211 3866182212
527868484 8047156163
527868484 8047156172
3866182212 3866182213
3866182213 3866182231
3866182214 3866182216
3866182216 3866182224
3866182217 3866182218
3866182217 3866182220
3866182217 3866182222
3866182218 3866182225
3866182218 3866182220
3866182220 3866182225
3866182220 3866182222
3866182222 3866182228
3866182224 3866182227
3866182224 3866182235
3866182225 3866182228
3866182227 3866182243
3866182227 3866182231
3866182228 3866182233
3866182231 3866182243
60949080 60949100
60949081 1912563657
3866182233 3866182234
3866182233 3866182236
3866182234 3866182235
3866182234 3866182246
3866182235 3866182243
3866182236 3866182246
9243910770 9253665608
1079329397 8919353023
60949110 276792403
1079329418 1899926413
5580530325 5580530339
5580530325 5580530341
5580530335 5580530339
5580530335 5580530340
5580530337 5580530341
5580530337 5580530342
5580530338 5580530342
5580530339 5580530340
2283627172 2283627241
2283627172 8919305797
2283627172 4837247031
5580530340 5580530341
5580530344 5580530356
5580530344 7196784524
5580530344 5580530357
5580530345 7196784522
5580530347 5580530348
5580530348 5580530356
5580530348 5580530357
5580530356 7196784530
1033069241 8919285329
1033069241 5162745290
1033069241 9428627355
1400234683 1400234689
1400234683 1904139338
2396168894 3785921490
2396168894 2575493534
1400234689 1400234701
939295435 3776398063
1400234701 1904139341
1400234701 7505350853
1400234701 5572257695
1079329497 1899926413
55108323 1249805130
1249805045 1249805152
1249805045 8047156153
1249805045 1249805075
1249805047 1249805116
1249805047 1249805175
1249805052 1249805112
1249805052 1249805092
1033069317 6394758974
1033069317 1033069479
1249805062 1249805112
1249805062 4931626825
1249805062 1249805149
2283627269 4837247031
1249805066 1249805149
1249805066 1249805087
1079329552 1899926413
1079329552 1925168401
1249805073 4931626825
1249805073 1249805092
1249805073 1249805140
1249805075 1249805147
1249805075 1249805175
1249805079 1249805147
289284889 364684917
289284892 289284893
289284893 1886546459
289284893 393394182
1249805087 1249805094
1249805088 1249805112
1249805088 1249805156
1249805090 1249805147
1249805090 3773126532
1249805090 1249805182
1249805090 1249805175
1249805091 1249805136
1249805091 8266572945
1249805091 1249805133
1249805092 4931626825
1249805094 4172967356
1249805094 1249805181
1249805095 1249805136
1249805095 1249805182
1249805095 1249805173
1249805116 1249805136
1249805116 1249805175
1249805126 2905326028
1249805126 1249805173
1249805126 1249805151
1249805130 1249805140
1249805130 4692822398
1249805133 2905326739
1249805133 2905326028
1249805138 1249805181
1249805138 3773126534
1249805140 1249805156
9508348756 9508348757
9508348758 9508348759
1249805146 7741529377
1249805146 1437296513
1249805146 1249805191
1249805151 1249805193
1249805151 2905326035
9508348767 9508348768
1249805155 1616460904
1249805155 8047156153
1249805155 8047156152
563749733 563749736
563749733 563749734
563749734 3773126551
563749734 563749735
563749735 563749736
563749736 3773126563
8196326249 9582388633
561062765 561062768
561062765 561062767
8196326253 8196326256
561062767 561062768
561062768 561062769
561062769 561062785
561062769 561062770
354984819 4867472478
561062772 561062785
1249805173 3773126550
1249796983 1249797071
1249796983 3773126500
1249796983 9530845287
1249796983 4434095671
8196326257 8196326258
8196326258 8196326260
8196326260 8196326261
354984828 3995893504
354984828 4172967348
354984828 3995893503
92349310 288963254
1249805182 3773126532
92349312 288963262
1249805189 3286053143
1249805191 7884795701
1249805191 7884795702
1249805193 2911832594
1249805193 3773126550
1249805194 7741529377
1249805194 8937696398
1249805194 10795129007
1249797018 11238744482
1249797018 11238744478
1249797020 11238744482
1249797020 4931626775
1033069479 6394758960
1033069479 1603816574
288654248 560978151
288654250 560978143
1249797071 1249797097
1249797071 3773126507
1249797071 4434095671
1249797073 1778223544
1249797073 1249797284
1249797073 11238744461
1249797080 9530845286
1249797080 1249797190
1249797080 1249797207
1249797097 1249797403
1249797097 1249797287
3413902325 9224469613
1249797113 1249797136
1249797113 1249797218
1249797113 1249797303
4692796410 11238744465
4692796410 8339681828
1249797118 1249797229
1249797118 3773126541
1249797118 1249797342
3413902336 4007814828
3413902336 9204802798
1249797128 1541956105
1249797128 1249805066
1249797136 1249797375
1249797136 1249797207
1249797159 11238744474
1249797159 11238744461
276792372 276792393
276792372 1886546366
276792372 276792375
276792375 7603456230
276792375 276792393
276792375 276792400
276792375 276792403
1249797190 4434095671
1249797190 9530845287
276792393 1886546345
276792393 7603456228
276792400 276792403
276792400 9232939812
276792400 7603456228
276792403 280396897
276792403 7603456230
276792403 6553713878
1249797207 1249797403
280396897 1912563627
280396897 6553713883
1249797218 1249797403
1249797218 1249797357
276792424 276792425
276792424 280389554
276792424 280389556
276792424 7533289685
276792425 276792427
276792425 280389571
276792425 7533289685
3106120810 4690141147
3106120810 3106120814
276792427 288964883
276792427 7533254179
276792427 280389599
1249797229 4931626825
1249797229 1541956105
276792441 1925152608
276792441 1079329418
276792441 2578677886
276792442 1016368196
276792442 460371037
276792442 460371038
8266572931 9508348767
276792452 658455738
8266572945 9528273821
1249797266 1300227673
1249797266 11238744467
1249797266 4931626785
2905326739 2905326740
8266572952 8266572995
1249797284 8339681817
1249797287 1249797371
1249797287 4931626785
2844853416 2844853417
10814391468 10816377363
1249797303 4931626775
3782173894 8919182500
1249797319 11238744488
1249797319 5291901450
1249797319 11238744478
3782173897 8919182508
60695763 1437296512
60695763 61795164
60695763 1437296511
60695767 1437296509
60695767 1437296510
1249797337 11238744474
1249797337 11238744467
1249797337 1540971582
1249797342 1249797401
1249797342 3773126541
288646376 1954503564
9204802795 9528273875
1249797357 1249797371
1249797357 4931626775
1249797371 11238744484
280675583 288646376
280675584 288646376
280675584 360039635
1249797375 8197731993
334497028 563250893
1249797410 4931626785
1249797410 1778223539
1249797410 3773126507
332457276 1934933067
332457288 332457295
332457289 332457290
332457290 332457291
332457290 332457295
332457291 332457292
332457291 332457294
332457293 332457294
332457294 332457295
332457301 1186873286
360039767 404728465
332457310 1186873287
331441518 331441520
331441518 2542693608
331441518 1908151015
331441520 2542693589
331441520 1908151012
331441520 1908151013
9428575604 9428575611
5482554741 6164446996
331441528 331441529
331441528 331441530
331441528 8047156172
331441531 8047156152
331441531 1189156677
331441531 331441541
331441532 331441538
331441532 1189156677
331441532 8047156135
9428575612 9428575614
9428575614 9428603418
9428575614 9428575615
331441536 331441538
331441536 527868477
331441536 8047156133
9428575615 9428603418
331441538 331441541
331441541 7884795702
331441569 331918764
331441570 331918763
331441571 1908033192
331441571 331918763
331441571 331918764
331441571 9508348767
7394379190 8197731792
7394379197 8197731792
7394379203 8197731793
726001111 726001224
4167763433 4901423193
4167763433 4167763437
4167763433 4901423191
8919156210 8919182403
726001140 9202072498
4167763453 4167763454
4167763453 4867472475
4167763454 4167763455
726001160 1225154063
2201585166 8919285361
2201585166 8919182546
2201585166 9548008321
6776923670 6776941491
726001179 1189580073
1016432155 1016432176
6776923681 6776923682
6776923681 6776941485
6776923682 6776941491
1016432176 8919359744
1016432176 1016432415
1016432198 1016432303
1016432198 8919359639
726001224 8858933299
1300227673 1778223544
1300227673 2911463407
1016432226 1312651864
1016432226 1016432461
1908033129 9505900139
1908033129 1908068446
1908033129 9508012703
9505900137 9505900139
1908033136 1908033139
1908033136 9565724285
1908033136 9508012703
1908033139 9566390024
1908033139 9508012702
364684917 1886546459
315672182 4690141147
315672182 8197731804
4007814791 8196326257
4007814791 9224573219
4007814792 4692822398
4007814799 8196326257
4007814799 8266572995
1016432280 1016432415
1908033180 1908033192
1908033180 8919182588
288646815 3801644664
288646816 3801642508
288646816 3801642510
364684960 364684981
4007814818 9094840348
4007814818 9094840349
4007814818 4007814822
451724964 2905184699
451724965 2911836505
4007814820 8266572952
4007814820 9547820408
4007814820 9508348768
4007814821 9565724337
4007814821 9547820411
4007814821 9565724334
1908033192 1908033200
1908033192 1908033207
4007814822 9565724334
364684970 1912677145
364684970 2283627172
364684970 4837247031
4007814823 9565724331
4007814823 9094840349
1016432300 8919359623
4007814824 9565724338
4007814824 9565724331
4007814824 8919182580
4007814828 8919182565
1016432303 1016432304
1016432304 1016432361
1016432304 1016432461
1908033207 8919182568
1908033207 4007814824
8919353023 8919353029
9525315265 9525315266
9525315266 9566390026
9525315266 9525315269
563250884 563250988
563250886 563250890
354977483 563250893
563250893 3776391902
8919353041 9243910770
8919353041 8919353051
563250901 563250913
563250913 681557032
563250913 563250961
8919353059 8919353080
563250920 563250924
1016432361 1016432461
1016432361 1016432415
563250926 3776391909
8919353080 8919353084
8919353080 8919353087
563250937 1908068446
563250937 9508012702
563250937 9508012703
8919353084 8919353090
8919353084 8919353087
8919353087 8919353091
288646913 288646914
8919353091 8919353113
8919353091 8919353095
9400641286 9400641287
8919353095 8919359618
8919353095 8919353107
9566390023 9582388633
9566390024 9582388633
563250961 681557032
563250961 8919182594
8919353107 8919359618
8919353113 9253665608
8919353113 8919359618
8640415523 8760502945
8640415523 8640415532
8640415523 8640415525
30557989 370551903
8640415525 8760502946
514418472 8196326253
6394758960 6394758967
30558007 288964866
6394758967 6394758982
6394758974 7056832250
6394758974 7056832251
6394758982 6908188885
5141948241 6060412119
4655998809 10731318686
563251042 1249805181
563251044 3773126545
563251044 563251053
563251044 3773126542
563251044 563251047
563251047 563251050
563251047 3773126538
563251053 3773126551
563251057 3773126559
563251057 563749735
563251057 3773126558
1289348977 9428627358
563251061 2911836506
563251061 1290886382
563251061 3773126559
8640407413 8640407414
563251069 2911836506
1437296509 9400641286
1437296509 1437296510
1437296510 1437296511
1437296511 1437296512
1437296512 1437296514
1437296513 7741529369
1437296513 7884795701
1437296513 1437296514
1289349012 1289349040
1289349012 5580518986
1289349012 1289349050
1912563613 1912563627
5572257695 5572257696
5572257695 7505350859
5572257697 5572257698
5572257697 7505350836
5572257697 5572257701
5572257700 5572257701
1912563626 1912563627
1289349040 7196784537
1289349040 1289349110
280389554 280389569
280389554 288964866
280389554 280389571
280389554 280389556
280389556 280389569
1289349050 3500782237
280389569 280389571
280389571 280389572
280389571 8919182312
280389571 288964885
280389571 280389599
280389572 8919182312
4749772747 4749772748
280389589 288964885
280389595 1886546412
280389595 288964885
280389595 280389599
280389599 1886546412
4807321575 4807321584
4807321577 4807321580
4807321577 4807321581
4807321581 4807321583
4807321584 4807321586
4807321587 10295995252
4807321587 4807321590
69347320 1400234683
69347322 1400234689
8210262010 8210262011
69347325 358464194
1189603352 1189603408
1189603352 1306859993
1189603352 1189603476
1996089394 1996089395
1189603408 1189603476
4901423189 8937696386
4901423191 4901423193
4901423193 8339681828
9530845286 9530845287
90245342 2578677886
7603456230 9232939812
5291895056 9566390024
5291895056 9566390026
5291895056 9508012702
787130663 3801642497
787130664 787130665
787130666 787130667
787130666 3801642508
787130666 787130669
787130667 3801642500
4079970601 10197097936
787130669 3801642500
25692480 3995893502
894683490 6164447006
9530845593 9530845603
2575493534 8388208719
2575493537 3106120810
1886546345 1886546391
1778223539 1778223544
1778223539 1778223540
1886546366 1886546369
1886546366 7533254169
1886546369 7533254169
1886546369 1886546398
5555145153 8760502929
1886546391 1886546398
1886546398 1886546401
1886546412 3201522444
1886546414 1886546423
1886546423 7533254179
2911832594 2911836506
2911832594 3773126563
2911832600 4007814792
2911832600 2911836505
1662077477 9056140200
1662077478 9056140203
1662077483 8919268807
1886546481 1886546485
1886546485 8569069880
4926892646 10881832613
4926892649 10881875980
1014475381 2542693632
1774570181 1774570187
1774570185 1774570187
1774570187 1774570191
3776391883 3776391892
3776391887 3776391898
3776391890 3776391892
3776391890 8047156181
3776391892 3776391895
8919182036 8919182042
8919182036 8919182385
8919182042 8919182057
8919182042 8919182050
3776391909 3776391914
3776391909 8196326253
3776391913 3776391914
3776391914 3776391919
3776391918 4173437520
3496512249 3496512258
3776391935 6586593373
3776391935 3776391951
3496512258 8695164307
3496512258 10957405061
8919182087 8919182088
8919182087 8919182089
8919182087 8919182595
8919182088 8919182090
8919182088 8919182123
8919182089 8919182090
8919182089 8919182596
8919182090 8919182099
3776391951 3776398063
3776391951 6586593373
8919182099 8919182104
8919182099 8919182123
8919182099 8919182139
8919182104 8919182152
8919182104 8919182140
303368987 1014525968
303368987 1412968589
26798877 1412968592
8919182123 8919182153
26798894 265735505
26798902 330661402
8919182140 8919182179
8919182140 8919182150
8919182150 8919182152
8919182150 8919182175
8919182152 8919182153
8919182153 8919182155
26798940 90514164
61795166 1437296514
61795167 7741529369
4466330480 4466330482
9548008320 9548008321
8919182214 8919182216
8919182214 8919182235
8919182214 8919182223
25693069 360165695
25693070 360165695
8919182223 8919182225
25693074 315672182
26799001 26799261
8919182234 8919182235
8919182234 8919182254
8919182235 8919182252
9528273821 9528273822
9528273822 9528273883
8919182252 8919182333
6776941485 6776941497
8919182254 8919182264
8919182254 8919182267
6776941491 6776941497
1950665653 2396168894
8919182267 8919182279
8919182279 8919182313
7434177486 7434177510
9528273875 9528273882
9528273879 9528273882
9528273879 9528273881
9528273882 9528273883
7434177505 7434177512
7434177505 7434177509
7434177509 8919353041
7434177509 7434177511
7434177512 8919353059
8919182313 8919182383
280177654 288964762
280177654 1189603476
8919182332 8919182384
8919182332 8919182371
8919182332 8919182333
8919182372 8919182384
8919182383 8919182384
939297841 1954503542
8919182385 8919182403
8919182385 8919182388
8919182388 8919182389
8919182389 8919182392
8919182389 8919182394
8919182394 8919182402
8919182394 8919182439
8919182402 8919182409
8919182402 8919182403
1016368196 1899926425
1016368196 1016368572
1603816521 1603816552
1603816521 10014123347
1603816521 1990839852
8919182409 8919182413
1603816525 1603816553
1603816525 1990839866
1603816525 6016115229
8919182413 8919182433
1603816529 8197732032
1603816529 10014123347
1603816529 8197731747
370551903 1886546402
370551903 370551912
370551903 3201522444
370551903 7533254168
370551903 1886546366
8919182433 8919182468
1603816551 8197732034
1603816551 1990839852
1603816551 1603816566
370551912 7533254168
1603816552 5290654645
1603816552 1603816566
1603816553 8197732034
1603816553 1990839858
8919182439 8919182442
8919182440 8919182468
8919182442 8919182443
8919182444 8919182445
1603816566 5115130289
1603816574 6394758971
1603816574 6908188885
1603816574 6394758967
8937696386 10687949959
8919182468 8919182469
8919182469 8919182476
8919182473 8919182476
8919182473 8919182503
8919182475 8919182531
8919182475 8919182518
8919182476 8919182480
1603816590 5115130296
1603816590 7056832250
1603816590 1603816591
1603816591 5115130287
8937696398 10687949959
8937696398 8937696399
8919182500 8919182508
8919182500 8919182503
8919182503 8919182508
8919182518 8919182523
8919182518 8919182567
8919182523 8919182531
8919182523 8919182566
8919182531 8919285361
8919182531 8919182541
6060412103 6060412105
6060412105 6060450035
6060412105 6060412111
8919182541 8919182542
8919182541 8919182566
8919182542 8919182543
8919182543 8919182544
8919182543 8919182546
8919182544 8919182546
2542693589 2542693608
2542693589 2542693590
2542693590 2542693611
6060412117 6060412118
26799320 2542693619
6060412120 6060412123
6060412124 6060412125
2905214176 2905214180
8919182562 8919182566
8919182562 8919182565
8919182562 9204802798
2542693604 11188272528
2542693604 2542693611
2542693604 7884795702
8919182565 8919182580
1925139688 9548008557
26799337 2542693608
2542693608 8047156181
2542693611 2542693628
2542693611 8047156181
2542693614 11188272528
2542693614 2542693617
2542693614 11188272491
8919182567 8919182569
8919182568 8919182569
8919182568 8919182580
8919182568 8919182590
2542693617 9528273881
2542693617 2542693618
2542693618 2542693619
2542693619 2542693626
2542693622 2542693623
26799352 60695767
2542693626 2542693628
26799354 94127062
2542693628 2542693630
26799355 60695767
2542693630 2542693632
2542693630 3776391890
26799356 60695763
305769728 2911341921
305769728 305769730
305769728 305769747
1603816705 4007814792
1603816705 9224573219
1603816705 9566872575
305769730 305769731
305769730 9247045720
305769731 2911341928
305769731 305769733
305769731 1249805047
305769733 305769735
8919182589 8919182591
305769735 305769742
8919182593 8919182594
8919182594 9525315266
8919182595 8919182596
305769742 9247045729
305769742 1249797159
1603816718 8266572952
1603816718 1603816723
1603816718 4007814799
305769747 4172967348
305769747 1249797284
1603816723 4007814822
1603816726 4007814823
1603816726 1603816735
1603816735 4007814828
26799396 2542693618
26799397 7505350859
1603816741 3413902336
1603816741 9056140209
1603816741 1662077477
1603816750 8919182544
1603816750 9056140209
1603816750 8919182542
766102838 766103390
265735489 1953324776
265735489 1953324851
265735489 265735492
265735489 1953324837
265735492 1953324818
265735492 1953324761
265735492 265735495
265735495 265735497
265735495 1953324757
265735495 1953324815
265735497 1953324753
265735497 1953324779
265735497 265735500
265735500 1953324768
265735500 1953324752
265735500 1953324751
265735505 1953324752
265735505 358464019
265735505 358463885
10200329575 10200329576
10200329577 10200329578
10200329579 10200329580
9547820408 9547820409
9547820408 9547820411
9547820410 9547820411
1456262524 1456262525
1456262525 9400641286
8695164307 8875044643
8695164307 8875044647
8695164309 8875044643
10802572706 10802572806
2911849896 9505900137
2911849896 2911850107
331918762 331918763
331918763 9508348768
331918764 8266572931
331918764 1908033180
2911849898 2911850107
4172967348 8339681817
4172967351 4172967356
1016368572 1899926425
370273748 848822780
370273748 370273751
370273752 7505350835
370273753 5572257698
370273754 370273757
370273754 370273771
370273754 7505350835
370273757 370273771
370273757 370273772
370273757 370273763
370273763 370273773
370273763 370273774
370273763 370273767
370273767 5572257698
370273767 370273773
370273768 370273774
370273769 370273772
370273771 370273773
370273772 370273774
1934913021 5572257696
1934913021 1934913022
1934913022 7505350859
10802572806 10839788309
4005181660 4867472477
1934913047 7505350859
2905222691 2905222692
2905222692 9505900137
1990839858 5290654649
1990839858 1990839866
1990839866 6908188885
366186085 3913027874
366186085 1904247515
366186085 4946047764
366186085 6206072854
367849079 367849181
2911850107 8266572995
9002380960 9002380961
461622990 5572257696
461622990 1934913021
461622990 461622991
461622991 3414513539
367849181 367849196
787132177 8919182444
8875044643 8875044644
1014525766 1908151037
9428627355 9428627363
9428627355 9428627358
9428627358 9428627363
9428627363 9428627364
1930391486 6394758982
681553908 681553918
1014525948 1456262524
1014525948 1456262527
681553918 681553955
681553918 9548008523
1014525968 1456262525
1014525968 1456262527
1014525984 1014526022
681553955 8919182593
681553955 681553966
681553966 9428575612
21598272 25693108
1014526022 9508021946
1014526022 3776391902
1014526022 1014526199
681553993 681554018
681553993 681554140
681553993 1925139682
1908068446 8266572931
1908068446 2911849896
1908068446 9566390026
681554018 8919182473
681554018 8919182475
681554018 9548008557
3574886507 4690827777
681554047 8919182440
681554047 8919182433
681554047 8919182439
1412968579 1934913022
1412968579 1456262527
681554055 8919182440
681554055 681554061
681554055 8919182469
681554061 9548008523
681554061 1925139686
1412968589 1412968590
1412968590 1412968592
1412968592 1412968595
1412968595 1412968596
1412968595 1900478766
1412968596 9002380961
1412968596 7884795701
7505350823 7505350848
7505350823 7505350833
7505350833 7505350848
7505350833 7505350836
7505350835 7505350836
7505350847 7505350848
681554140 8919182593
681554140 8919182588
367374572 1886546345
3286053142 4692865541
3913027874 6206072854
28807469 280388039
360165695 1996089394
360165695 1996089395
360165712 1996089395
360165712 1996089394
360165712 8197731859
290050409 290050410
290050410 364684970
289051024 7533289685
3995906460 3995906461
3995906461 3995906466
3995906461 3995906462
3995906466 10795129007
4196659626 7056832258
5115130287 5115130288
5115130287 5115130293
5115130288 5115130289
5115130289 5115130293
4196659636 7056832257
5115130293 5290654649
5115130296 6394758971
5115130296 7056832251
289051080 289051141
289051080 289051089
289051080 289051090
289051080 1886546423
289051080 1886546424
289051090 289051141
289051090 289051119
289051105 6039388540
289051105 332046738
289051105 289051108
289051108 1925152617
289051108 8919182254
289051119 332046738
289051127 289051138
289051138 289051141
10816377363 10816377364
10816377364 10816377365
9428603418 9428603422
29528608 1954503455
5578617386 5580530357
10819220011 10819220015
331960890 331960892
360297026 8919359634
367374935 3201522444
31969885 1225154063
31969905 4705113366
10802131613 10839788309
360207007 1033069317
1908151010 1908151012
1908151012 1908151013
1908151013 1908151015
1908151015 2542693622
1908151028 1908151035
1908151037 2542693622
1908151037 1908151039
1908151039 2542693632
4140110595 4173438319
4140110599 9508021945
90575640 1934913047
60953371 1541956105
60953371 60953372
60953371 3773126541
60953372 1249797401
60953372 60953387
60953372 1249797128
60953374 563251057
60953374 3773126554
60953374 1249805149
60953374 60953375
60953375 563749735
60953375 563251050
60953375 1249805066
60953375 563251053
60953377 3773126545
60953377 1249805193
60953377 563749733
60953378 1249805088
60953378 3773126554
60953378 1249805156
60953378 1290886382
90575650 288963264
60953380 563251042
60953380 563251050
60953380 1249805087
60953381 3773126536
60953381 563251042
60953381 3773126534
60953381 563251047
60953382 1249805095
60953382 3773126536
60953382 3773126538
60953382 3773126542
60953382 3773126550
60953387 1249797128
60953387 1249797401
60953387 305769735
60953393 1249805088
60953393 1249805140
60953393 1249805052
60953393 1249805092
4173361989 4173437520
4173361989 4173362007
4173361990 10819220011
4173361990 4173361996
4173361996 10814391468
4173361996 10816377364
1785049934 1785049936
4173361999 4173362003
4173362002 4173362005
4173362003 10816377364
4173362003 4173362005
4173362003 4173362006
4173362005 4173362009
4173362005 4173362007
4173362007 4173362016
4173362007 4173362021
4173362012 10816377363
4173362012 4173438319
4173362012 4173362015
4173362013 10816377363
4173362015 4173362016
4173362015 4173438319
4173362016 4173362017
4173362022 4173362031
4173362031 4173362048
4173362031 4173362035
4173362035 4173362040
4173362035 10197097934
4173362040 10197097936
4173362040 4173362052
4173362046 10197097936
4173362046 10197097945
4173362046 4173362052
4173362046 10197098052
4173362048 4173362065
4173362048 10197097934
4173362049 10197098144
4173362049 10197098032
4173362049 4173362053
8919389057 8919389063
8919389057 10697647592
4173362052 4173362057
4173362053 10197098052
4173362053 10197098422
280408967 288646913
280408967 331442821
8919389063 10697647588
8919389063 10697647559
4173362057 4173362061
4173362057 4173362085
280408971 288646910
1899926413 1925168401
4173362061 4173362065
4173362061 4173362085
280408975 288646816
280408975 3801642510
4173362065 10197098119
1899926424 1899926425
471790498 2087203088
4173362085 10197098520
4173362085 10197098050
579408856 1766768210
579408856 1312629900
5724247009 8919182590
7195997189 8450416249
7195997198 8450416249
460371033 1079329552
460371033 1016368572
460371033 460371038
460371034 1899926424
460371034 7434177505
460371034 7434177511
460371037 1899926424
460371037 1079329397
460371038 1079329418
4107244668 4107244678
392926379 8919305796
4705113365 4705113366
4705113366 10697647588
1092744528 3866182246
8197731747 8197731749
8197731747 8197731751
8197731749 8197732031
8197731749 8197731751
8197731751 8197731752
8197731752 8197731859
8197731752 8197731851
563320239 1908151028
8197731765 8197731767
8197731792 8197731793
8197731804 8197731807
483644916 483644956
3801642494 3801642508
3801642497 3801642500
483644934 8339681817
483644934 483644942
483644934 483644935
8197731851 8197731996
8197731851 8197732031
483644940 483644942
483644942 483644948
3801642510 3801642513
483644946 483644948
8197731859 8197731892
483644948 483644951
483644951 483644953
483644951 483644956
7533254168 7533254169
7866258972 8937696398
7866258972 10687949959
483644956 483644960
7533254179 7533289685
8197731892 8197731904
8197731892 8197731986
8197731904 8197731913
8197731904 8197731985
8197731913 9530845443
8197731913 8197731925
8197731925 8197731929
8197731929 9530845443
8197731932 8197732012
8197731932 8197731948
8197731932 8197732007
8197731936 8197731944
8197731936 9530845443
8197731936 8197731948
8197731944 8197731948
8197731944 8197731983
30242445 280177654
8197731983 8197731985
8197731983 8197732007
30242449 288964762
30242449 3414018795
30242449 288964468
30242449 280177654
8197731985 8197731986
8197731986 8197731988
8197731988 8197732001
8197731988 8197731996
30242455 1886546498
30242455 3414018795
30242455 6776941485
8197731993 8197732014
8197731996 8197732023
30242461 288964457
30242461 288964468
30242461 91986374
30242461 30242462
30242462 91986372
30242462 30242473
30242462 787131625
30242462 288964468
30242462 1886546485
8197732001 8197732002
8197732001 8197732007
8197732002 8197732010
8197732002 8197732003
8197732003 8197732004
8197732003 8197732014
8197732004 8197732023
8197732010 8197732012
8197732010 8197732014
8197732012 9530845286
8197732031 8197732033
8197732032 8197732033
877262574 1908151028
7056832250 7056832251
330798848 331441575
330798848 330798851
330798848 9548008556
7056832257 10014123347
7056832257 7394369084
7056832257 8197731765
7056832258 8197731859
7056832258 8197731804
7056832258 8197731765
330798851 9548008556
330798851 681553966
330798859 8919182442
330798859 8919182443
330798859 8919182445
330798859 787132177
330798864 681525772
4698830644 8197731793
8197732185 8197732187
4044732250 4044732253
4044732253 8197732154
4044732253 8197732149
4044732253 4044732255
3773126500 8197731929
3773126500 8197731925
308377451 1189156677
3773126507 8339681828
3773126507 4901423191
249526140 2905331719
3414513538 3414513539
3414513538 5572257701
3414513539 5572257700
3773126532 3773126536
3773126532 3773126534
5398402949 8919305797
3773126536 3773126538
3773126538 3773126542
7196784522 7196784523
7196784522 7196784524
7196784524 7196784525
3773126545 3773126550
3773126545 3773126551
7196784530 8210262011
7196784537 8210262011
7196784537 7196784540
3773126554 3773126558
3773126558 3773126559
3773126559 3773126563
10802558906 10802572905
393394141 393394147
393394141 2095192356
393394147 393394162
393394147 2095192356
393394156 2095192356
8858933299 8858949151
8640411710 8858933299
334608455 9548008557
360355912 1131865602
360355914 360355917
360355917 360355920
360355917 360355918
360355920 1016432384
360355920 360355931
360355926 360355931
360355928 3414018795
9247045720 9247045721
9247045720 9247045722
9247045727 9247045729
9247045728 9247045729
90429556 280408971
90429556 288646815
90429567 288646913
90429570 288646864
90429570 280408971
90429570 280408967
90429570 280408975
90429582 90429594
90429582 90429605
90429582 90429599
90429594 3801642500
90429594 90429605
90429594 90429599
90429599 787130669
90429605 3801642497
10795129006 10795129007
90429636 288963313
90429650 90645617
90429650 90429658
90429650 90429654
90429658 303368987
90429658 90429659
90429658 561062765
560978139 560978140
560978141 560978142
560978144 560978147
560978145 560978146
560978147 560978148
560978147 560978151
560978150 560978151
4005181663 4867472478
358463726 8303754586
889215240 889215352
4655995144 9204802798
2861857041 2905326028
7734270226 8919285416
7734270226 7734270230
2095192356 2095192363
2095192356 8569069880
1312651563 4829035403
889215300 914898766
358463821 358463824
91986266 91986310
2911836506 4692822398
91986277 91986374
358463851 8303754586
358463851 358463852
358463851 358463854
358463853 358463854
358463854 358463856
358463856 358463857
358463856 358463918
91986289 1016432198
358463857 358463900
358463857 358463901
358463857 358463909
91986298 1016432226
91986300 1016432303
889215365 3085284400
358463885 358463964
358463885 358463901
1312651669 1312651801
1312651669 6776941497
1312651669 1312651721
358463901 358463904
358463901 358463902
91986335 6776923682
358463903 358463904
358463904 358463909
358463909 358463912
91986342 1016432461
91986347 8919359633
26802617 92330601
2905184698 2905326036
91986363 360355931
2905184699 2911836505
2905184699 2905184700
2905184700 2905186001
2905184700 2905326039
91986372 1886546481
91986372 288964940
91986372 91986374
1312651721 1312651808
1312651721 8919359635
358463958 358463964
1306859993 1306860100
1306859993 1306860245
358463964 358464011
1312651743 8919359635
1312651767 1312651864
1306835455 1306835508
4690827777 4690827778
1306835460 1306835508
1306835460 1306835629
1306835464 1306835695
358464011 358464025
358464011 358464015
358464014 358464042
358464014 358464020
358464014 358464015
358464015 358464019
358464019 358464020
358464020 1014525948
358464023 358464025
358464025 358464026
358464026 358464043
358464026 358464044
276937243 2542693626
1312651801 8117074459
1312651801 8117074460
358464029 358464044
8117074460 8117074461
1312651808 8919359633
1312651808 8919359623
358464041 358464042
358464042 461622991
358464044 358464046
91986482 289051138
91986494 289051138
1312651864 8919359640
1913707099 1913707111
1913707114 1913707118
882113141 914898766
882113141 882113144
882113141 3776536569
882113141 6016115229
882113141 1930391486
882113144 3776536569
882113144 1990839852
882113144 914898766
4705114766 10697647588
288979605 289284490
358464163 568123056
1306835629 1306835721
288963256 288963266
358464194 3414513538
358464194 7505350823
288963269 288963273
288963273 288963274
288963273 288963275
358464237 1412968579
1306835695 1534991184
1306835695 8695164309
288963330 877262574
288963342 877262574
288979729 370551912
288979729 370551903
1954503455 3612863421
1954503455 3776391935
1954503457 1954503524
882113313 3776536569
882113313 894683483
882113313 6164447004
288963371 288963384
288963384 1412968589
288963384 1412968590
90266438 1908151039
1306835804 5162745297
1306835804 8919268803
1954503524 1954503530
1954503524 1954503542
94010225 8919353107
1954503542 1954503553
90291064 763620435
10957405061 10957405062
10957405061 10957405063
1330789256 3995906466
1330789256 3995906460
1330789256 4692865541
4829035402 4829035403
4829035403 8117074460
4829035403 8117074463
1954503564 6586593373
1954503564 3776398063
8047156133 8047156134
8047156133 8047156135
8047156135 8047156136
288963497 3698362139
9056140203 9056140209
8047156141 9528273822
8047156146 9528273881
8047156146 8047156147
8047156146 9528273883
8047156147 8047156152
8047156147 8047156177
5290654644 8197732032
5290654644 9530845603
5290654644 5290654645
5290654645 9530845593
5290654649 6394758971
8047156153 9528273821
25951169 30242445
8047156163 8047156164
8047156164 8047156177
8047156164 8047156166
8047156166 11188272528
8047156166 8047156172
25951180 30242445
8047156172 8047156177
4749679568 4807321587
4749679570 4807321581
25951187 25951190
4749679571 4807321577
4749679573 4807321584
25951195 8919353095
663124968 5572257700
90291187 91986503
8760491001 8760491002
681532415 681532417
681532415 3598460545
681532415 9428575615
681532417 681532419
4835564551 10606432054
25951248 3772309429
681532445 9548008523
681532445 9548008556
681532445 8919182443
681557032 9428575612
1904139308 1904139310
1904139308 1904139311
9202154540 9202154541
335567918 1314763674
1904139310 1904139325
335567920 1314763674
1904139311 1904139326
1904139326 1904139334
1904139326 7505350847
1904139334 1904139337
1934933064 1934933067
1904139337 1904139338
1904139337 1904139341
1904139338 7505350847
1904139340 4690827778
1904139341 1934913047
4867472475 8937696386
25951324 8919359640
1616460897 8047156141
90291298 3426633588
25951331 8919359639
1616460901 1616460904
1616460901 1616476402
1616460901 8047156141
1616460904 1616469476
1616460904 8047156141
9224469613 9224573219
9224469613 9566872575
4832689267 7734270226
288963703 5580530356
288963704 3664259623
25951368 276792452
25951373 276792452
25951373 91986422
10197916825 10802572706
367836339 367836345
25951414 8919182388
658455738 8919182036
658455738 1079329397
658455738 7434177511
60816577 1131823483
60816577 60816580
60816577 1904139310
288963777 8621185895
60816580 60816587
60816580 1904139308
25951440 367849181
6553713878 9232939812
6553713878 6553713883
6553713883 6553716685
60947692 60947706
1290886382 3773126558
10197916919 10802572905
10197916919 10802558906
60947706 787130667
60947706 288646815
1925168401 1925168402
7741529369 8937696399
7741529377 8937696399
60947784 90429556
4173356375 4173356379
4173356379 10814391468
4173356379 4173356382
4173356382 10819220011
4173356382 4173361990
60947810 289051108
4173356388 4173437520
4173356388 10816377365
4173356388 4173361989
288963983 330798848
288963983 681525772
288963983 681532415
1966472618 1966472624
1966472618 1966472657
1966472618 5162745290
1966472624 1966472647
10197097920 10197098091
10197097921 10197098091
8919268803 8919268807
8919268803 8919268815
1966472647 1966472648
1966472647 1966472664
5162745287 5162745290
5162745287 8919285346
8919268808 8919268812
8919268808 8919285318
8919268808 8919268815
8919268812 9737188476
8919268814 8919268815
5162745295 8919285416
5162745295 5162745297
5162745295 7196784530
1966472657 5580530343
1966472657 5580530335
5162745297 8919285416
1966472659 1966472688
10197097934 10802131606
1252384213 1934933067
1252384213 3574886507
10197097935 10839788309
1966472664 1966472713
1966472664 5580530325
10197097945 10197098066
10197097945 10197098029
1966472688 5580530337
1966472688 5578617386
1966472691 1966472736
1966472691 5580530337
1966472691 5580530325
305765884 561062772
25951744 280675584
305765892 561062767
1225154063 8919389057
1225154063 1225154091
1966472736 5580518986
1966472736 5580530342
10197098025 10197098422
10197098026 10197098137
10197098030 10197098066
10197098031 10197098126
10197098033 10197098144
25951798 330798859
10197098047 10197916729
10197098047 10802131613
10197098047 10802572806
10197098047 10197916919
10197098048 10802572905
10197098048 10802572706
10197098048 10802131613
10197098049 10197098066
10197098049 10839788309
10197098049 10197098126
10197098050 10197098520
10197098050 10197098091
10197098052 10197098917
8919285318 8919285320
8919285320 8919285346
8919285320 8919285357
10197098057 10197098920
10197098057 10197098137
10197098057 10197098092
8919285329 8919285346
8919285329 8919285331
1766768210 1886546498
1766768210 1766768229
10197098092 10197098417
10197098092 10197098422
8919285357 9548008321
8919285357 10731318686
9565724270 9565724271
8919285361 10731318686
10197098126 10197098920
25951896 3776391902
10197098137 10197098520
10197098137 10197098140
10197098144 10197098917
9565724331 9565724344
9565724334 9565724335
9565724335 9565724344
9565724335 9565724337
568123056 568123059
568123056 1014525948
568123056 10724290255
9565724337 9565724338
9565724338 9565724344
568123059 1456262524
568123059 10724290255
1953324727 1953324752
1953324727 8648122553
1953324727 1953324751
1953324751 1953324753
1953324752 1953324765
364486353 1886546459
1953324753 1953324757
2905186001 9505900139
2905186001 2905222692
1953324757 1953324761
1953324761 1953324776
1953324765 1953324768
1953324765 10724290255
1953324768 1953324779
1953324776 1953324851
1953324779 1953324815
687087348 8919305797
3995893500 4167763454
3995893500 4867472477
3995893500 4867472478
3995893502 4167763453
3995893502 4167763454
3995893503 3995893504
3995893503 3995893505
3995893504 4692865541
3995893505 4005175369
3995893505 4005175373
3995893506 4005175369
3995893506 4867472475
3995893506 3995906460
3995893513 3995893516
1953324815 1953324818
1953324818 1953324837
60956443 7195986954
6164447004 6164447006
1953324837 1953324851
1275543346 1275543713
288964404 8450416249
60956482 8640415525
1707065159 1707065170
914898766 3776536569
60956495 1886546391
1925152599 8919182223
1925152602 8919182234
288964468 6776923681
288964468 1886546498
563257228 9528273879
563257234 9528273879
1275543451 1289349050
1275543459 1966472624
1186873283 1186873298
1186873283 1186873285
1186873283 1186873287
1186873284 1186873285
1186873285 1186873290
1186873286 1186873288
1186873286 1186873294
1186873287 1186873288
1186873288 1186873290
1186873290 2087201083
280174555 1314763674
4690141147 8197731925
1275543536 1275543621
