2687053824 10973674569
2687053824 8691777669
2687053828 11246322888
2687053828 10973674565
2687053828 11246322893
7194305376 10965125403
10067420918 10067420919
2687053832 4979910396
2687053832 10973674565
2687053832 7273786326
10067420919 10067420920
2687053845 4951190465
2687053845 4949262957
9936377878 11246775060
2687053865 7273786323
2687053865 7273786316
2687053865 7273786326
4783177794 11070876199
10082099266 10082099269
8404231226 9556820505
9107446110 9989984497
248719457 1108718482
4826073187 4826073194
4826073187 4826073190
4826073187 4826073198
1941178468 7167612576
1941178468 1941178482
1941178468 5186334168
248719461 11070876199
248719462 2041536957
4826073188 4826073193
4826073188 4826073197
4826073188 4826073190
4826073192 4826073197
4826073192 4826073198
4826073192 4826073199
4216950891 5014694896
4216950891 4216950897
4216950891 4738890521
4826073195 4826073198
4826073196 4826073197
1941178480 5074373529
1941178480 1941178482
1941178480 1941178494
4216950896 4216950897
4216950896 4738890523
1941178482 7273782364
4216950897 5014694898
9990747075 10559157243
9990747075 10706496516
10965141629 10977092226
10965141629 10965141630
1941178494 9993505002
1941178494 9770507144
8691777662 10973674568
8691777662 10973674565
10965141630 10977092238
1941178497 3802664566
10965141633 10965141634
8691777669 10973674568
7141726357 7141726359
7141726358 7141726361
7141726359 7141726360
7141726359 7141726366
7141726361 7141726362
7141726361 7141726367
7141726363 7141726366
4994752668 7273786274
9164601081 9164601096
9164601081 9164601095
7141726366 7141726367
7141726367 7141726372
11090421912 11235485277
5074373543 5074373544
1941178536 4723796362
25662466 1900207451
10611826868 10611826869
11036620992 11270465356
11036620992 11036620999
2097823937 8812776143
2097823945 11158596398
1224792271 1224792409
1224792271 1224792348
1224792271 1224792309
2097823952 4429232546
2097823952 2461982074
2097823952 2461982082
1224792273 1224792386
1224792273 5521071108
1224792273 1237319046
1224792273 1224792367
1224792273 10611826868
1224792274 1224792289
1224792274 7048004427
1224792274 10606473796
1224792274 1224792303
1224792275 1224792338
1224792275 1224792395
1224792275 1224792325
2097823954 8812776135
1224792277 1224792346
1224792277 1224792292
1224792277 1224792389
1224792277 1224792375
2097823958 2097823962
2097823960 4429232546
2097823960 8367039259
2097823960 2097823967
2097823962 11159405849
2097823962 11025622209
2097823962 2097823964
1224792286 7273786207
2097823967 2097823979
2097823967 8812776135
1224792288 7273786253
1224792289 7048004427
1224792289 7273786207
10715977951 11036620999
1224792292 1224792386
1224792292 7273786307
1224792292 7273786303
2097823973 2102882593
2097823973 11159405849
2097823973 11159405847
1224792294 8376237640
1224792294 1224792409
1224792294 1224792412
9993505002 9993505004
2097823979 11025622209
2097823979 11158596398
1224792302 9497876456
1224792302 1224792424
1224792302 10606473788
1224792302 10606473789
1224792303 7273786208
1224792303 10606473793
1224792303 10606473795
1224792305 7273786204
1224792305 1224792364
1224792305 10606473799
9989984494 11090421912
9989984494 11235485277
1224792307 1224792367
9989984497 9989984498
1224792309 1224792409
1224792309 1224792389
9989984498 11090421912
9989984498 9989984500
4664436989 4664436992
1224792318 7273786242
1224792318 10606473789
1224792318 10606473791
4664436992 5024621608
1224792325 1224792430
1224792325 1224792366
1224792330 7273786208
1224792337 1224792401
1224792337 1224792395
1224792337 1224792405
1224792337 1224792391
1224792338 7273786252
1224792338 1224792422
1224792339 1224792401
1224792339 1224792405
1224792339 1224792454
10965125398 10965125399
10965125399 10965125401
10965125399 10977092234
10965125400 10965125401
10965125401 10977092238
1224792346 1224792386
1224792346 1224792389
1224792346 7273786269
25663771 5484100796
1224792348 1224792405
1224792348 1224792454
2102882589 8812776148
1224792350 7273786242
2102882590 2473323171
2102882590 8520574598
2102882590 2102882591
2102882591 4680349936
2102882591 2102882593
2102882591 8812776148
2102882593 2102882594
2102882593 2102882595
1224792354 7273786249
1224792357 7273786270
1224792362 7273786254
11148040490 11148040500
11148040490 11148040502
1224792364 10606473800
1224792364 7273786203
3366619436 8788599116
1224792366 1224792377
1224792366 1224792430
1224792367 1224792384
1224792367 7273786303
1224792369 7273786243
11148040500 11148040501
11148040502 11148051716
1224792377 10067420920
1224792377 7273786254
10584412472 10584412473
1224792386 7273786270
4216967493 9164498032
4216967493 4216967495
1224792391 1224792395
1224792391 1224792412
4216967494 4951190447
4216967494 4813585659
4216967494 5024331429
4216967494 4951190463
392132937 1418990053
4314300746 5108245200
4314300746 5035600890
8372083023 8372083024
8372083023 8372083025
8372083024 8372083041
1977649489 9107446110
1224792401 7273786249
1224792401 1224792422
1224792403 7273786271
8372083025 8372083026
8372083025 8372083045
8372083025 8372083038
1224792405 1224792409
8372083026 8372083043
8372083026 8372083037
8372083026 8372083047
8372083028 10046119248
8372083028 10046119250
8372083028 8372083037
8372083032 11246775061
1662077275 4693303159
1224792412 8520574602
1224792412 7273786268
8372083036 10046119248
8372083036 8372083037
9107446109 9989984497
8372083041 8372083042
8372083041 10046119251
8372083041 10046119253
8372083042 11246775059
1662077283 2531876242
1662077283 10557452679
8372083043 10046119252
8372083043 8372083045
1224792421 10606473792
1224792421 7273786209
1224792421 10606473793
1224792422 7273786251
1224792423 7273786259
1224792424 10606473787
1224792424 9497876455
8372083045 10046119253
8372083046 8372083047
1224792430 7273786253
1662077299 8916277349
1224792437 7273786252
1224792438 7273786203
1224792439 7273786204
1224792440 7273786269
1224792441 7273786241
1662077303 8916277350
1662077307 8916277352
1224792444 7273786209
1662077308 8916277353
1662077310 8916277354
1662077311 8916277355
10557452666 10557452667
10557452667 10557452675
10557452669 10557452677
10557452669 10557452670
1026341251 3366619436
10557452670 10557452675
392130949 4314300746
1224792454 7273786248
1224792454 7273786243
10557452671 10559049740
4723796360 4723796361
392130953 5035600889
4723796361 4723796362
369830283 9312160427
369830283 9312160435
369830283 1549257727
10557452677 10559049740
10557452677 10557452679
11158598035 11158605113
11158598036 11158605113
1662077301 8916277351
4122993050 4216950896
4122993050 9932560673
4122993050 4738890522
1839585693 9107446109
1839585693 9107446110
4122993056 4738890521
4122993056 8916277349
4122993056 9932560673
1662077346 4429232549
4429232546 4429232548
4429232548 11036701352
4429232548 8367043582
1662077349 4429232552
4429232549 4429232552
2041536954 2531897207
9990747074 10706496539
9990747074 9990747075
9990747074 10706496540
2041536957 2531897211
1418990053 2041536954
416621035 416621036
416621035 416621061
416621035 416621078
416621036 416621066
416621036 416621038
416621038 416621042
416621038 416621070
416621042 416621066
416621042 11148040501
416621048 416621064
416621048 11148040490
416621048 416621066
4216963578 4216963584
4216963578 4951190447
4216963578 4216963586
4216963578 4951190463
4216963579 4216963584
4216963579 4979910397
4216963579 4951190446
4216963584 4216967493
416621058 416621064
416621058 11148051716
416621058 416621077
4216963586 4951190464
4216963586 4951190465
4216963586 4979910397
6110938865 7141723525
416621061 416621064
416621061 416621077
416621062 11148051716
4695980556 4695980558
416621070 4979910357
416621070 416621078
4695980559 4695980561
416621075 4979910356
416621075 416621077
416621075 416621078
8520679952 8745886221
416621078 4979910355
416621082 11148040501
1922667034 7605548586
1922667034 1922667036
1922667034 1922667038
1838301724 1838301725
1922667038 2531897211
1922667038 4533461684
8520679980 9722632901
2532672050 4738890524
2532672050 2532672077
2532672057 2532672061
2532672061 2532672077
2532672061 4314300301
10606473789 10606473790
10606473793 10606473794
2532672077 5108245200
4120883793 9932560673
4120883793 9735722090
4120883793 4120883823
4120883799 4120883804
4120883804 4120883842
4120883804 4120883837
386388583 11235485277
4949262957 4966380545
4120883823 4120883842
4120883834 9735722087
4120883837 4120883839
10977092226 11010573277
10977092226 10977092230
10977092230 10989944889
10977092231 11010573272
10977092231 10989944889
10977092231 10977092232
10977092232 10989944889
10977092234 11010573272
10767942284 10767942289
4120896141 10082099266
10977092238 11010573277
9649154722 9649154724
11036701352 11036701354
11036701353 11036701354
9312160427 9312160435
5002109616 5014694901
5002109616 5014694906
4533461684 4533461686
5620601526 7273786209
5620601526 7273786214
5620601526 5620601527
5620601527 7273786241
5620601527 9497876455
8812776135 8812776143
2685399753 10067420918
10173770444 10173770448
8812776143 8812776148
8812776143 11159405847
1585797840 10822030888
1585797840 10822030890
1585797840 1585797841
5108245200 5108245215
5108245202 5108245219
5108245202 5108245203
5108245203 5108245215
5108245214 5108245215
5108245215 5108245219
5108245218 5108245219
282755819 2531897065
282755819 2327395115
282755819 2531882790
1733622519 8367043585
1733622519 11064615014
1733622519 1733622535
6902537272 6902537283
1733622535 1733622555
1733622535 3496908159
1733622535 7273782375
7194305287 7194305290
5020390153 6506503492
7194305290 7194305293
1733622541 11036701352
1733622541 6902545212
1733622541 4429232552
1733622542 6902537248
1733622542 7794600701
1733622542 6902537247
7194305293 7194305297
7194305297 7194305300
1733622547 11036701353
1733622547 11036701354
1733622547 1733622555
1733622547 1733622548
1733622548 1733622553
1733622548 6902545212
7194305300 7194305371
11246775059 11246775060
1733622551 1733622553
1733622551 6902537247
1733622551 6902545199
11246775060 11246775061
1733622553 6902545197
4738890521 8916277351
1733622555 4903710468
1733622555 3496908165
1733622555 8520679980
4738890522 4738890523
4738890523 5002109620
4738890524 4738890525
29049631 3496908168
4738890525 5002109620
4738890525 10557452679
7194289049 7194289069
8367039259 8812776135
6902545188 10767942284
6902545188 10767942289
6902545188 7273786188
6902545188 6902545189
6902545189 6902545209
11158596394 11158605113
11158596394 11158596398
29049643 4695905917
626637611 11375444978
6902545197 6902545200
6902545198 6902545200
6902545198 6902545199
626637616 11375444979
6902545199 6902545200
6902545200 6902545208
1733622579 6902545201
1733622579 6902545197
1733622579 1733622585
6902545201 6902545208
384373558 4805705122
384373558 4805705123
1733622582 1733622596
1733622582 11270465356
1733622582 1733622583
1733622583 7273786186
1733622583 11270465356
1733622585 1733622596
1733622585 1733622590
1733622590 1733622601
1733622590 3496908172
1733622590 4903710468
386620224 1418990053
889330498 3802659350
1733622596 10715977951
10699152196 10699152201
7194289058 7194305290
7194289058 7194305293
7194289058 7194289063
1733622601 4903710463
7048004425 7273786202
7048004427 7273786307
7273786186 11036620992
7273786186 11036620999
7273786188 7273786200
4752640848 5024621613
4752640848 4752640853
4752640849 4752640853
4752640850 4752640852
4752640850 5024621614
4752640851 4752640852
4752640851 5024621612
7273786263 8520574602
7273786263 7273786267
357985111 10706496516
7273786200 10656386080
7273786200 7273786201
7194305369 7194305371
7194305369 10977092232
7273786201 11375444979
7273786201 7273786287
7273786202 7273786203
7273786202 7273786293
7273786203 7273786204
7194305374 10977092234
7273786204 7273786205
7273786205 7273786206
7194289063 7194289069
7273786206 7273786207
7273786207 7273786208
2669337444 7794600701
2669337444 4429232549
7273786208 7273786209
7273786211 7273786218
7273786211 7273786213
7273786211 7273786214
7273786214 7273786218
7273786214 10699152195
7273786267 8520574602
7273786267 7273786268
7273786268 7273786269
7273786269 7273786270
7273786270 7273786271
7273786271 11158605106
7273786236 10699152195
5002109821 5014694895
7194289069 7194289076
7194289069 7194305305
7273786241 9497876456
7273786241 7273786242
7273786242 7273786243
7273786243 7273786247
7273786247 7273786248
7273786247 10173770444
7273786248 7273786249
7273786249 7273786251
7273786274 11158605106
7273786251 7273786252
7273786252 7273786253
4695997325 8405242288
7273786253 7273786254
7194289039 7194289044
7194289039 7194305300
7194289039 7194305374
7273786254 7273786259
1108718482 1977649489
1108718482 1229196593
7273786259 10067420920
7273786259 10067420919
7194289044 7194289047
7194289044 7194289049
7194289044 7194289063
7273786261 8812776148
7273786261 10067420918
7273786261 7273786263
7273786276 7273786282
7194289047 7194305374
7194289048 7194305369
7194289048 7273782378
7194289048 7194289049
5074373529 5074373541
5074373530 9993505002
5074373530 5074373541
5074373530 9989984494
5074373531 5074373532
5074373531 5074373534
5074373531 5074373535
4012501916 10557452666
1469836189 1469836191
5074373532 5074373533
5074373532 5074373542
597566367 5108245219
1469836191 5017031556
1469836191 5017031567
5074373535 5074373536
5074373535 5074373547
5074373536 5074373543
5074373536 5074373537
5074373537 5074373538
5074373537 5074373548
5074373538 5074373545
5074373538 5074373539
385295273 4695980562
5074373540 5074373541
1702407083 1702407100
5074373542 5074373550
5074373542 5074373543
4951190446 4979910388
4951190446 4979910399
4951190447 9164498032
4951190447 5024331430
4951190448 4951190458
4951190448 9312160435
5074373544 5074373545
5074373544 5074373549
5074373545 5074373546
4979910364 4979910388
4979910364 4979910390
7194289076 7194305290
7194289076 7194305287
7273786282 10767942289
7273786282 7273786283
4951190458 5002109616
4951190458 5023059962
7194289083 7194305297
7194289083 7194305371
7194289083 7194305287
4951190460 4966380584
4951190460 7707078178
4951190460 5024621613
4951190461 7707078175
4951190463 4951190464
4951190463 7707078175
4254170048 4254170049
4951190464 4966380544
1702407107 4107243163
4951190465 7273786320
1702407110 1702407142
7273786303 7273786307
7273786287 7273786290
7273786287 7273786293
7273786315 7273786318
7273786316 7273786320
7273786316 7273786318
7273786317 7273786323
7273786318 7273786320
7273786318 7273786323
7273786325 8691777662
7273786326 8691777662
9990747093 10559157237
391146456 2531882794
391146456 2327395115
391146456 2531897141
11010573272 11010573277
7273786292 7273786293
9990747108 10559157225
10559157225 10559157226
10559157225 10903197558
10559157226 10559157237
10559157226 10580994702
5014694891 5014694892
5014694893 5014694896
5014694893 5014694908
5014694894 5014694901
5014694894 5014694895
5014694895 5014694898
5014694896 5014694898
7273786294 7273786297
7273786294 11375444979
7273786294 7273786295
10559157233 10559157237
5014694901 5014694907
5014694902 5014694905
5035600888 5035600889
5014694905 5023059962
5014694906 5014694907
5014694906 5014694910
5014694907 5014694908
5035600889 5108245202
5035600889 5108245203
5035600889 5035600890
5014694910 5024621614
1549257727 1549257729
1549257727 4475367989
4966380544 4966380545
4966380544 9277090835
1549257729 4970681944
1549257729 1549257802
4966380545 5014694902
5035600890 5108245203
5521071108 5521071109
5521071109 5521071110
5521071110 7273786271
7141723525 11070876199
8367043585 11036701353
8367043585 11064615084
4966380553 7707078176
4966380553 9164424473
4966380553 9164424474
4966380554 9164424473
4966380554 9164424474
4966380554 7707078177
4966380557 7707078176
8518967029 8518967030
9277090832 9277090833
9277090833 9277090835
4966380565 4966380568
4966380570 4966380573
6902537244 6902537249
6902537247 6902545212
6902537248 6902537249
6902537248 6902537251
6902537249 6902537250
4805608482 4805608497
4805608482 4805705131
4805608482 4805608493
4805608482 4805608486
6902537250 6902537251
6902537250 6902537252
4966380580 4966380584
4966380580 5014694910
6902537251 6902537253
4805608486 4805608493
4805608486 4805608494
4805608486 10557452671
21634088 369393016
21634088 1549257833
21634088 10557452667
4805608489 4805608490
4805608489 4805705131
4805608489 4805705133
4805608490 4805705128
4805608490 4805705129
4805608490 4805705127
4805608493 4805608496
1549257774 4951190448
4805608494 4805608496
4805608494 4805608495
4805608496 4805608518
4805608496 4805608497
4805608497 4805608498
1549257780 1733622441
1549257783 1549257833
1549257783 4012501916
1549257783 7022163773
1964411961 1964411993
1964411961 4752640850
1964411961 1964411963
6902537265 6902537267
1964411963 1964411993
1964411963 1964411968
4805608510 4805608511
4805608511 4805608518
1964411968 1964411985
1964411968 1964411998
4805608512 4805608513
4805608513 4805608518
6902537277 6902537280
6902537277 6902545209
6902537277 6902537278
1419918404 4979910378
6902537278 6902545208
6902537278 6902537279
6902537279 6902545201
6902537280 6902545198
6902537282 6902537283
6902537282 7273786188
6902537282 7794600701
1549257802 1733622441
1549257802 1549257805
6902537283 6902545189
1549257805 1549257852
1549257805 4475367990
9004489806 9004489807
9004489807 9004489811
9004489807 9004489813
10973674568 10973674569
1964411985 4752640848
1964411985 1964411998
7632243793 7632243827
9004489809 9004489810
9004489809 9004489811
9004489809 9004489813
9004489813 9004489814
7273782360 7273782364
7273782360 8372083038
1964411993 4752640852
1964411993 1964411999
7273782362 8372083038
7273782362 8372083046
7273782362 8372083047
7273782364 7273782370
1964411998 1964412000
1964411998 4752640853
1964411999 1964412000
1964411999 4752640851
1964412000 4752640849
264248418 7273786263
7273782370 8372083046
7273782370 8372083036
7273782375 7273782378
9735722087 9735722089
9735722087 9735722090
1549257833 1549257878
9735722089 9735722090
10259430503 10259435011
10259430503 11189878100
10259430503 11189878117
9164498032 9164601081
1549257852 1549257862
1549257852 5014694894
5157278846 8369483126
5157278846 8369467230
1922684406 1922684408
1922684406 6506503492
2528496769 2532672050
2528496769 4738890522
2528496769 2528496782
1549257862 5002109821
1549257862 1549257878
1549257878 5002109620
1549257879 2531897056
1549257879 2531897049
1549257879 9556820497
4899417243 4899417244
4899417243 4899417245
655619229 1467045328
655619229 6902545209
655619229 6902537279
4899417246 10584412473
4899417246 4899417247
1549257894 1560688426
1549257894 1549257899
1549257894 2531876239
5484100775 5484100777
5484100775 5484100802
5484100775 5484100780
5484100775 5484100781
5484100776 10559157233
5484100777 10559157233
5484100777 5484100778
5484100777 10173737110
1549257899 2532672057
7632252074 11246322893
373388463 1977649489
5484100785 5484100786
5484100785 5484100796
5484100785 5484100797
5484100785 7273786218
5484100786 5484100802
5484100786 5484100798
5484100787 5484100788
5484100788 7273786216
5484100788 5484100796
5484100796 10699152195
5484100797 7273786216
5484100797 5484100798
5484100798 7273786216
3325271231 3325271232
3325271231 8369467230
3325271232 8372083042
3325271232 8369483132
5484100801 5484100802
5484100802 5484100803
1549257924 2327395115
11025622208 11025622209
11246322888 11246322898
11246322888 11246322893
11246322893 11246322898
1224785140 7273786205
1224785141 7273786202
1224785141 1224792307
1224785141 1224792364
1224785142 7273786201
1224785143 1224785146
1224785143 10606473797
1224785143 7273786206
1224785144 1237319049
1224785144 1224785149
1224785144 4994752668
1224785144 2461982085
1224785146 1224792305
1224785146 7273786205
1224785146 10606473798
1224785147 8745886221
1224785148 7273786206
1224785149 1224785152
1224785149 1224785153
1224785149 5521071108
1224785149 10611826868
1224785150 1224785153
1224785150 11375444978
1224785150 8745886221
4813585659 4966380563
1224785152 1224792307
1224785152 7273786302
1224785153 8745886221
1224785153 7273786302
1229196559 4120883839
1229196559 9735722089
1229196559 4120883823
11159405847 11159405848
9164424473 9164424474
1549258011 2532672057
1549258011 7605548586
11159405849 11159405850
1229196593 1229196621
1229196593 4120896141
11158605106 11158605107
1467045187 9164601089
1467045187 1467045196
1467045187 4216967495
1467045189 4979910368
1467045189 1560688474
1467045189 4216967495
1467045196 8916277355
1467045196 1467045199
1229196621 1839585693
1229196621 4120896141
1229196621 4120883839
1467045199 1467045203
1467045199 1549447107
10046119248 11246775061
10973674569 11246322898
1900207442 4975529103
1467045203 1549447107
1467045203 5035601446
10046119250 10046119251
10046119250 11246775059
10046119250 10046119252
10046119251 10046119252
10046119251 10046119253
9004582230 9004582231
1467045215 1941178503
1467045215 5035601441
1467045215 7194289047
10973674572 10973674573
11189878117 11189878119
8369483125 8372083024
8369483125 8369483132
8369483125 8369483126
8369483126 8372083023
369393016 369393019
369393016 5023059950
2461982074 11158596394
2461982074 7273786274
369393019 4805634243
369393019 10557452671
3496908159 4723796362
3496908159 3496908163
3496908161 4723796361
2461982082 2461982084
2461982082 2669337444
3496908163 4723796362
3496908163 3496908165
3496908163 3496908166
2461982084 4994752668
2461982084 2461982085
2461982085 4994752668
1237319046 5521071109
1237319046 5521071110
3496908165 8520679980
3496908165 3496908166
3496908166 3496908168
3496908166 3496908167
1237319049 5521071108
1237319049 5521071109
3496908167 3496908168
3496908167 4723796361
3496908168 9722632901
3496908172 4903710468
3496908172 3496908173
3496908172 4903710463
3496908173 3496908174
3496908173 3496908175
1467045262 1467045266
1467045262 10965141633
1467045262 1467045265
1467045262 10965141634
1467045263 8367039259
1467045263 1467045265
1467045263 11064615083
2531876239 2531876242
2531876239 10557452675
1467045265 1467045273
1467045266 1467045273
1467045266 10977092230
2531876242 4693303159
3496908174 8520679980
3496908174 9722632901
3496908174 3496908175
3496908175 9722632901
3496908175 4903710463
4979910367 4979910368
4979910367 4979910369
4979910367 5035601443
4979910368 4979910390
1467045273 1733622519
4979910369 4979910370
4979910369 4979910391
4805705122 4805705126
4805705123 4805705125
4979910370 4979910376
4979910370 4979910374
4805705125 4805705129
4805705125 4805705127
4805705126 4805705128
4805705126 4805705129
4805705127 4805705131
4805705128 4805705133
4979910371 4979910373
4979910371 4979910374
4805705131 10559049740
4805705131 4805705133
4805705133 10557452669
24569272 10584412472
24569272 4899417247
24569272 10584412471
1467045307 1467045328
1467045307 10767942284
1467045307 1467045318
410081432 416622306
1103134150 1549257899
1103134150 4958843989
1103134150 2531882791
24569287 4821407291
1467045318 10706496516
21311300 25663592
5186334162 5186334168
5186334162 7167612575
7273786283 10767945012
7273786283 7273786286
2610222553 4826073200
416624108 1585797840
416624108 416624121
416624108 10822030890
416624108 416624109
416624109 416624122
416624109 416624116
416624109 416624110
416624110 10822030887
416624110 416624113
416624110 416624124
416624110 416624125
416624110 416624126
416624113 416624114
416624113 416624123
416624114 7474601173
416624114 416624126
416624116 10822030889
416624116 416624125
416624117 10822030889
416624117 10822030890
416624117 1585797841
416624118 1585797841
1922684405 1922684406
416624120 10822030888
416624120 1585797840
1922684409 9107446109
416624121 10822030888
416624121 416624122
416624122 10822030887
416624123 8367039259
416624123 416624124
416624123 1467045246
416624124 10822030887
24569342 4826073190
416624125 416624126
10259435011 11148040500
10259435011 11189878117
7707078175 7707078176
7707078176 7707078177
5035601441 5035601446
7707078177 9277090832
5035601443 5035601446
7707078178 9277090832
7707078178 9277090833
7707078178 9277090835
10822030883 10965141633
10822030883 10822030884
10822030883 10822030886
10822030884 10965141634
10822030884 10822030885
10822030885 10965141630
10822030885 10822030886
10822030886 10965141629
4821407288 4821407289
4821407289 4821407290
4821407289 4821407292
4821407290 4821407291
4821407290 4821407293
4821407291 4821407292
4821407292 4821407293
4821407293 4899417245
4821407299 4899417244
4821407299 4821407300
4821407300 4899417243
4821407300 4899417244
4821407300 4899417247
4475366988 4970681949
4966380574 4966380579
4970681944 4970681949
5024337523 10584412473
5024337524 10584412472
3802664566 7632243872
3802664566 8519031722
3802664566 3802664568
3802664568 9466610846
3802664568 3802664580
3802664568 3802664573
11064615014 11064615083
11064615014 11064615084
2041542281 5024621614
2041542281 4752640851
2041542281 5014694908
2041542282 4752640849
2041542282 5024621613
2041542282 4951190461
2041542283 5024621608
2041542283 4813585659
2041542283 4951190461
2041542283 4664436654
4107243160 4664436688
4107243160 5186334162
4107243160 4664436683
4107243163 8916277353
4107243164 4821407299
4107243164 4899417245
7167612575 7167612576
8519079595 10748175238
6303723186 9004489811
7605548724 7605548725
1447755449 2531882794
1447755449 2531897141
8916277349 8916277350
416622276 416622279
416622279 416622281
416622279 416622285
6303723208 10822030889
416622281 416622288
416622281 416622283
416622283 416622297
416622283 416622285
8916277352 8916277353
416622285 416622300
416622288 5017031556
416622288 416622294
4979910355 10973674572
4979910355 10973674573
4979910356 10973674572
4979910356 11148051716
4979910357 10973674573
4979910357 11148040501
416622294 5017031556
416622294 416622297
416622294 1421111966
416622294 1469836191
8916277354 8916277355
416622297 416622304
2531897049 2531897055
2531897049 2531897054
416622300 416622307
416622300 416622301
416622301 416622304
416622301 416622310
416622301 416622302
2531897054 2531897056
2531897054 2531897055
416622304 1421111966
416622305 416622306
416622305 1421111966
416622305 416622311
416622306 1467045235
2531897055 2531897059
2531897056 2531897065
416622310 9159000110
416622310 416622311
416622311 416622312
419880680 5013917929
25339625 1447755449
25339625 2531882794
25339625 2531882790
25339625 2531882791
416622312 416624120
416622312 4979910371
2531897064 9556820497
2531897064 4958843989
2531897064 2531897065
4979910373 4979910377
4979910373 4979910378
4979910374 5035601441
4979910374 5035601443
4979910376 4979910387
4979910376 4979910383
4979910377 4979910379
4979910377 4979910383
4979910378 4979910379
4979910379 4979910381
4979910380 4979910381
4979910380 10173785653
4979910381 11189878119
4979910383 11189878119
4979910385 4979910387
4979910385 4979910405
4979910385 4979910391
4979910387 4979910400
4979910388 4979910393
4903710458 4903710463
4979910390 4979910391
4979910393 4979910405
4979910393 4979910396
4979910396 4979910399
4979910397 4979910399
958803713 958803719
4979910399 7273786320
4979910400 4979910405
4979910400 11148040502
9164601086 9164601096
9164601086 9164601089
9164601086 9164601095
1051592457 4533461686
9164601095 9164601096
1922621222 5002109821
2531882790 2531882794
2531882791 11185625105
1560688426 1662077283
1560688426 4738890524
1560688426 2532672061
1922621227 1922621251
1922621227 1922621238
1560688428 2041542281
1560688428 5024621612
1560688428 5014694893
1560688431 4664436649
1560688431 1922621227
1560688431 4664436654
7273786297 11375444978
7273786297 7273786302
21311283 416622306
2531897141 2531897152
1922621238 1922621243
1922621238 4664436653
21311287 1016463629
21311288 416622288
21311288 416622276
21311288 4979910380
21311289 416622276
1922621243 1922621251
1922621243 1922621253
7022163773 10557452666
1922621251 1922621254
1560688451 7605513683
1560688451 4314300301
1922621253 1922621256
1922621253 4664436666
1922621254 1922621270
1922621254 4664436654
8916211526 8916211529
1922621256 1922621258
1922621256 1922621269
1922621258 1922621275
1922621258 1922621270
8916211530 8916211531
1560688464 7605513683
1922621269 4664436674
1922621269 1922621275
1560688470 8916277352
1560688470 4664436992
1560688470 5024621607
1922621270 5024621608
1922621270 4664436989
1560688472 5186334168
1560688472 3366619436
1560688472 4664436688
1560688474 4216967493
1560688474 4979910364
1560688474 4951190446
1922621275 4664436685
8369467229 8369467230
8369467229 8369483132
8369467229 8369483126
1560688493 3494634681
1560688493 1560688499
1560688493 4107243163
1560688493 9164601089
1560688495 6027206825
1560688495 4107243163
1560688495 7167612575
7141723523 7141723525
1560688497 6027206825
1560688497 1560688514
1560688497 1560688499
1560688499 8916277354
1560688503 7167612576
1560688503 6027206825
1560688503 1560688514
2531897208 2531897211
4693303159 10557452670
1560688514 1560688517
1560688517 7273782360
1560688517 5157278846
4314300301 4314300746
6902537252 6902537253
6902537252 6902537254
6902537253 6902537255
6902537254 6902537256
6902537254 6902537255
1242437538 9277090833
6902537255 6902537257
4664436649 5024621612
4664436649 4664436653
6902537256 6902537257
6902537256 6902537259
1549447083 1549447084
1549447083 4664436683
1549447083 1560688428
1549447083 8916277351
1549447084 4664436686
1549447084 8916277350
4664436653 4664436666
6902537257 6902537258
8367043582 11064615083
8367043582 11064615084
6902537258 6902537259
6902537258 6902537260
1549447094 4120883842
1549447094 8788599116
1549447094 4664436686
6902537259 6902537261
4664436666 4664436674
25663419 4979910378
6902537260 6902537261
6902537260 6902537262
1549447103 5074373529
1549447103 10082099266
1549447103 8788599116
4664436674 4664436682
1549447107 1549447110
6902537261 6902537263
1549447110 7273782378
1549447110 1549447125
6902537262 6902537264
6902537262 6902537263
4664436682 4664436683
4664436682 4664436685
4664436685 4664436989
4664436686 4664436688
6902537263 6902537265
6902537264 6902537265
6902537264 6902537266
1549447125 7273782375
1549447125 3325271231
6902537266 6902537267
6902537266 6902537268
6902537267 6902537269
6902537268 6902537269
6902537268 6902537270
9497876455 9497876456
6902537269 6902537280
6902537269 6902537271
6902537270 6902537272
6902537270 6902537271
6902537271 6902537272
